1-transit analysis/LC/wasp-107b/jwst/5/S5_wasp-107b_ap5_bg11_Table_Save_ch0.txt
# %ECSV 1.0
# ---
# datatype:
# - {name: time, datatype: float64}
# - {name: wavelength, datatype: float64}
# - {name: bin_width, datatype: float64}
# - {name: lcdata, datatype: float64}
# - {name: lcerr, datatype: float64}
# - {name: polynomial, datatype: float64}
# - {name: ypos, datatype: float64}
# - {name: ywidth, datatype: float64}
# - {name: astrophysical model, datatype: float64}
# - {name: model, datatype: float64}
# - {name: residuals, datatype: float64}
# schema: astropy-2.0
time wavelength bin_width lcdata lcerr polynomial ypos ywidth "astrophysical model" model residuals
[from data line 275]
60129.86935426468 4.45 0.55 0.985490893548885 0.0002891715374833922 1.0070367455351887 1.0000022219870532 1.0000034859753317 0.9784986835048942 0.9853897542904153 0.00010113925846966243
60129.869837646664 4.45 0.55 0.9855955581893401 0.00028912343393468307 1.0070364035644928 0.9999982765889358 0.9999936670133642 0.9784861043004002 0.9853631888815761 0.0002323693077639355
60129.87032102865 4.45 0.55 0.9852083802136775 0.0002891762467304709 1.0070360615937968 0.9999959277641869 0.9999981368443792 0.9784740584487681 0.985352813710059 -0.00014443349638149083
60129.87080441063 4.45 0.55 0.9853459085818176 0.0002891083402554903 1.0070357196231006 0.9999947625802795 0.9999927452867364 0.9784625246285178 0.985334403568785 1.1505013032597766e-05
60129.871287792615 4.45 0.55 0.985262049689158 0.00028914860836022247 1.0070353776524046 1.00000774218408 1.0000001444491406 0.9784514825637114 0.9853430292369856 -8.097954782759764e-05
60129.8717711746 4.45 0.55 0.9851503079880765 0.00028912611883935265 1.0070350356817086 0.9999988679668085 1.0000059998729576 0.9784409129641436 0.9853290760933086 -0.00017876810523209663
60129.87225455658 4.45 0.55 0.9853467295478415 0.00028909693646918646 1.0070346937110126 1.0000097319525716 0.9999996079360396 0.9784307974702952 0.9853229611649119 2.376838292961203e-05
60129.87273793857 4.45 0.55 0.9855766527861826 0.00028916694928496687 1.0070343517403166 1.0000082848516765 1.0000062910400045 0.978421118602597 0.9853180386320235 0.00025861415415906475
60129.87322132055 4.45 0.55 0.9854976003832836 0.0002891592705193492 1.0070340097696207 1.0000081308740283 0.9999900280640668 0.9784118597146059 0.9852922042273806 0.00020539615590298155
60129.873704702535 4.45 0.55 0.9850865630431442 0.0002891502617415308 1.0070336677989244 0.9999992420804893 0.9999944610183936 0.97840300494974 0.9852785624234143 -0.00019199938027003594
60129.87418808452 4.45 0.55 0.9852833758335144 0.00028916639605166357 1.0070333258282285 0.9999975202065988 0.9999945287769014 0.9783945392012517 0.9852680728523896 1.530298112484285e-05
60129.87467146651 4.45 0.55 0.9854053378093003 0.0002891556866235406 1.0070329838575274 1.000007875216935 1.000000706402725 0.9783864480750435 0.9852758793665576 0.00012945844274270257
60129.87515484849 4.45 0.55 0.9848250780824169 0.00028908288299298664 1.0070326418868365 0.9999993368816654 1.0000083123871621 0.9783787178559011 0.9852668415161421 -0.0004417634337251508
60129.87563823047 4.45 0.55 0.9856239194764927 0.00028916776868234635 1.0070322999161405 0.9999900528305126 1.0000012524530877 0.9783713354744195 0.9852429696398669 0.0003809498366258435
60129.87612161246 4.45 0.55 0.9859344655153979 0.0002892461368729642 1.0070319579454392 0.9999968824832857 0.9999976238520901 0.9783642884784812 0.9852386924169938 0.0006957730984040733
60129.876604994446 4.45 0.55 0.9850051792682439 0.00028907964475163026 1.0070316159747432 0.9999998861307735 1.0000044397883114 0.9783575650055638 0.9852412617437099 -0.0002360824754659152
60129.87708837643 4.45 0.55 0.9853594962959222 0.0002891776718005293 1.0070312740040472 1.0000157987731346 1.0000084180262903 0.9783511537566292 0.9852540680442516 0.00010542825167059178
60129.877571758414 4.45 0.55 0.9851644129137151 0.0002890460712583251 1.0070309320333513 0.9999974623359384 0.9999991143189478 0.9783450439727401 0.9852203487234801 -5.5935809764928734e-05
60129.8780551404 4.45 0.55 0.985160106617323 0.00028908498568316383 1.0070305900626553 1.0000023384404073 0.9999915541877671 0.978339225412777 0.9852115103396427 -5.1403722319709466e-05
60129.87853852238 4.45 0.55 0.9850013806743387 0.0002890724544839519 1.0070302480919593 1.000001563050259 0.9999995169777922 0.9783336883327846 0.9852126809339244 -0.00021130025958571164
60129.87902190437 4.45 0.55 0.9847199517786364 0.00028902571942976337 1.007029906121258 1.0000011208589679 0.9999999404651005 0.9783284234666512 0.9852070260621335 -0.00048707428349714643
60129.87950528636 4.45 0.55 0.9853293171939735 0.0002891468713754914 1.007029564150562 0.9999992328205429 0.9999939849594054 0.9783234220084851 0.9851939274207104 0.00013538977326310597
60129.879988668334 4.45 0.55 0.9848874532942944 0.0002890595023504316 1.0070292221798711 1.0000018884766344 0.9999964167781 0.9783186755954921 0.9851938252669029 -0.0003063719726085212
60129.880472050325 4.45 0.55 0.9853559321766409 0.0002891192398120902 1.00702888020917 0.9999969010349965 0.999995847329435 0.9783141762923641 0.9851834852137241 0.0001724469629167391
60129.88095543231 4.45 0.55 0.9850190227273373 0.0002890999205236935 1.007028538238474 0.9999952119290599 1.000001853551816 0.9783099165773703 0.9851831141791961 -0.00016409145185880547
60129.88143881429 4.45 0.55 0.9853829697185394 0.00028912561357233063 1.007028196267778 1.0000028685029594 1.000000105395548 0.97830588932813 0.9851845449586839 0.0001984247598555422
60129.88192219628 4.45 0.55 0.9854197682241675 0.0002891850104753143 1.0070278542970819 1.0000139551029184 0.9999982001391525 0.9783020878093543 0.9851894273866805 0.00023034083748707523
60129.88240557826 4.45 0.55 0.985644210326639 0.00028905226956513647 1.0070275123263859 1.0000068060782936 0.9999949332070475 0.9782985056610458 0.9851752239323351 0.0004689863943038164
60129.882888960245 4.45 0.55 0.9849782002674403 0.00028908816846865304 1.00702717035569 0.9999944478935198 1.0000004545825418 0.9782951368875855 0.9851647615435967 -0.00018656127615634954
60129.88337234223 4.45 0.55 0.9856280319847482 0.00028911884342043326 1.007026828384994 0.9999908344136351 0.9999930679037172 0.9782919758475949 0.9851504068409869 0.0004776251437613732
60129.88385572421 4.45 0.55 0.9849401605404501 0.0002890551488223992 1.007026486414298 0.9999962224523973 0.9999956090095905 0.9782890172445265 0.9851549044087736 -0.00021474386832354142
60129.8843391062 4.45 0.55 0.9853155531666279 0.00028914586267762463 1.007026144443602 1.000005610262482 1.0000062639507814 0.9782862561179497 0.9851715346932449 0.00014401847338296747
60129.88482248818 4.45 0.55 0.9844273753084292 0.00028898082794422906 1.0070258024729057 0.9999973500106617 1.000010826980372 0.9782836878354898 0.9851649713796895 -0.000737596071260338
60129.885305870164 4.45 0.55 0.9847337240707107 0.0002890320003372716 1.0070254605022098 1.0000062394103983 0.9999921846862644 0.9782813080853954 0.9851526322195929 -0.0004189081488822355
60129.885789252156 4.45 0.55 0.9852001003083909 0.0002891042050557548 1.0070251185315087 0.9999973236347348 0.9999993971779618 0.9782791128696713 0.9851484090993208 5.169120907011493e-05
60129.88627263414 4.45 0.55 0.9850273721475427 0.00028906675677333176 1.0070247765608127 0.9999985278469072 0.9999917510727651 0.9782770984979434 0.9851396998261631 -0.00011232767862046078
60129.886756016116 4.45 0.55 0.9854636749378216 0.0002890961904093386 1.0070244345901218 1.0000082532542616 0.9999985553012174 0.9782752615815697 0.9851537995845694 0.00030987535325222026
60129.88723939811 4.45 0.55 0.9852723153597515 0.0002890460203883903 1.0070240926194205 1.0000112435898618 1.0000009489744803 0.9782735990284563 0.9851570948504931 0.00011522050925838467
60129.88772278009 4.45 0.55 0.985360403593852 0.0002891756506918991 1.0070237506487245 0.9999873914910016 1.0000042454809825 0.978272108038602 0.9851350085587558 0.00022539503509622083
60129.888206162075 4.45 0.55 0.9849881031408754 0.00028907941106823514 1.0070234086780285 1.0000043162013417 1.0000028841792932 0.9782707860996375 0.9851486750348222 -0.0001605718939468037
60129.88868954407 4.45 0.55 0.9851806530871439 0.00028905716085090075 1.0070230667073274 0.9999869220217298 0.9999968560100402 0.9782696309832037 0.985124102988715 5.6550098428864715e-05
60129.88917292604 4.45 0.55 0.9851101704130231 0.0002891295726441329 1.0070227247366366 1.0000078036267561 1.0000076714717852 0.9782686407417011 0.9851539973023551 -4.38268893320215e-05
60129.88965630803 4.45 0.55 0.984732148237317 0.0002890273283180174 1.0070223827659406 1.00000108301022 0.9999952889518987 0.9782678137052229 0.9851340106191588 -0.000401862381841811
60129.89013969002 4.45 0.55 0.9852841184557645 0.0002890796347526623 1.0070220407952393 0.999999487415089 0.9999985875811905 0.9782671484791657 0.98513468391356 0.00014943454220450736
60129.890623072 4.45 0.55 0.984873288589341 0.00028912517138345023 1.0070216988245433 0.9999942422601035 1.000006330576429 0.9782666439419744 0.9851363019716636 -0.00026301338232259663
60129.891106453986 4.45 0.55 0.9853414608785906 0.00028911972652039436 1.0070213568538473 1.0000082022038288 0.9999975075928905 0.9782662992432037 0.9851406809290544 0.0002007799495362672
60129.89158983597 4.45 0.55 0.9849156492380934 0.00028906344892853334 1.0070210148831513 1.0000044810098994 0.9999993614936175 0.9782661138020067 0.9851383201267888 -0.00022267088869543095
60129.892073217954 4.45 0.55 0.98549459910109 0.0002891304583156598 1.0070206729124553 1.0000040898497526 1.000002563855745 0.9782660873059718 0.9851407283292907 0.00035387077179938053
60129.89255659994 4.45 0.55 0.9851319315649523 0.0002891183073500798 1.0070203309417591 0.9999945697859509 0.9999941635782124 0.978266219710467 0.9851228732074836 9.058357468672007e-06
60129.89303998193 4.45 0.55 0.9847476944175995 0.00028902456935529986 1.007019988971058 1.00000280799793 1.0000021871914686 0.9782665112385464 0.9851388522948168 -0.00039115787721732964
60129.893523363906 4.45 0.55 0.9850778992452135 0.00028910125087722817 1.0070196470003672 1.0000042964267593 0.9999993780035265 0.9782669623813991 0.9851376709331984 -5.977168798487753e-05
60129.89400674589 4.45 0.55 0.9848241831510485 0.00028899734701305624 1.0070193050296712 1.0000047683684978 1.00001177499137 0.9782675738994029 0.985150629888331 -0.0003264467372825486
60129.894490127874 4.45 0.55 0.9851223574410938 0.00028913083671849925 1.0070189630589752 1.000002181455958 1.0000029901880976 0.978268346823495 0.9851398709844491 -1.751354335532973e-05
60129.89497350986 4.45 0.55 0.9853187608038106 0.0002891206043151481 1.0070186210882792 1.00000266186148 1.0000002907524983 0.9782692824569867 0.9851382925981224 0.00018046820568828892
60129.89545689185 4.45 0.55 0.9855025511402579 0.00028924558706583284 1.007018279117578 1.0000035510568988 1.000004995557167 0.9782703823776813 0.9851445765696794 0.000357974570578512
60129.89594027383 4.45 0.55 0.9846864810374525 0.0002890650052689225 1.007017937146882 1.000000703021968 0.9999992632842085 0.9782716484402341 0.9851370641880185 -0.0004505831505660085
60129.89642365581 4.45 0.55 0.9852123623536967 0.00028901617200699406 1.007017595176191 1.000001430850743 1.0000034242002935 0.9782730827790096 0.985142990146818 6.937220687863732e-05
60129.8969070378 4.45 0.55 0.985404089604645 0.0002891315704293713 1.00701725320549 1.0000052282225238 1.000000106354384 0.9782746878112994 0.9851447443031098 0.0002593453015351521
60129.897390419785 4.45 0.55 0.9851435481521603 0.0002891380395675408 1.007016911234794 1.0000056785684086 0.9999863021007329 0.9782764662406976 0.9851330451195848 1.050303257554841e-05
60129.89787380177 4.45 0.55 0.9849873509875791 0.00028911167526619094 1.007016569264098 0.9999969316426967 1.0000037379755753 0.9782784210613766 0.9851432390204986 -0.0001558880329195489
60129.89835718376 4.45 0.55 0.9848797650610862 0.00028901009306973413 1.0070162272933967 0.9999920304428557 1.000005220926507 0.978280555562513 0.9851416864579952 -0.00026192139690894845
60129.89884056574 4.45 0.55 0.9858767251831348 0.00028920304311408774 1.0070158853227058 1.0000027906635158 1.0000094134102502 0.9782828733331734 0.9851584166107855 0.0007183085723493354
60129.89932394772 4.45 0.55 0.9850512467196839 0.0002891408341910375 1.0070155433520098 1.000001028209248 1.0000021266923935 0.9782853782681806 0.9851516897990902 -0.00010044307940626496
60129.89980732971 4.45 0.55 0.9851760448439897 0.000289164392128917 1.0070152013813087 0.9999998022926445 1.000011179544489 0.9782880745739013 0.985161781191214 1.4263652775681201e-05
60129.900290711696 4.45 0.55 0.98511146178189 0.0002890833821278999 1.0070148594106128 1.000011277460994 0.9999936786742575 0.9782909667748908 0.9851584228534483 -4.696107155832685e-05
60129.90077409368 4.45 0.55 0.985465962784298 0.00028904272184672946 1.0070145174399165 0.9999920669912434 1.0000144029325284 0.9782940597213337 0.9851626942383499 0.0003032685459480877
60129.90125747566 4.45 0.55 0.985083670352982 0.0002891057994834122 1.0070141754692206 0.9999941990246175 1.0000117678669163 0.978297358596732 0.9851651862024862 -8.151584950411017e-05
60129.90174085765 4.45 0.55 0.9852762801730909 0.0002891154562934893 1.0070138334985246 1.000000841430153 0.9999938435194888 0.9783008689264371 0.9851572721391029 0.00011900803398801063
60129.90222423963 4.45 0.55 0.9852454781276793 0.00028913970094788746 1.0070134915278286 0.9999942368339332 1.0000052618674808 0.9783045965868231 0.9851654336944591 8.004443322018329e-05
60129.90270762162 4.45 0.55 0.9848609609674264 0.0002890633376474697 1.0070131495571275 1.0000009053911478 0.9999955173507998 0.9783085478152392 0.985166047764301 -0.0003050867968745763
60129.90319100361 4.45 0.55 0.9852315240512146 0.00028907855904744203 1.0070128075864313 0.999995501316175 1.0000112246490154 0.9783127292204161 0.9851800743423665 5.144970884807254e-05
60129.90367438558 4.45 0.55 0.9853220168405133 0.00028910686967852605 1.0070124656157404 1.0000047382674127 1.0000030519561773 0.9783171477942091 0.9851852379221445 0.0001367789183688295
60129.904157767574 4.45 0.55 0.9847477052266604 0.00028902980108181324 1.0070121236450393 1.0000077512388554 1.0000042741213415 0.9783218109240118 0.9851937716269893 -0.00044606640032884837
60129.90464114955 4.45 0.55 0.985272372274244 0.0002890952183296204 1.0070117816743485 1.0000078380406894 1.0000097292309196 0.9783267264052717 0.9852038469316645 6.852534257950627e-05
60129.90512453154 4.45 0.55 0.9850457525216728 0.0002891276882988248 1.0070114397036474 0.9999969486009026 0.9999966370906389 0.9783319024567382 0.9851850982894349 -0.00013934576776208907
60129.905607913526 4.45 0.55 0.9849948264410777 0.0002891023319928803 1.0070110977329514 1.000001901753911 1.0000047667758187 0.9783373477345838 0.9852031363168718 -0.00020830987579412152
60129.90609129551 4.45 0.55 0.9851601504820678 0.0002891455845417714 1.0070107557622552 0.9999923969261685 0.9999956126379587 0.9783430713495626 0.9851901827060019 -3.003222393405114e-05
60129.906574677494 4.45 0.55 0.9856007051909862 0.0002891769375683086 1.0070104137915592 1.000004170227706 0.9999987745931853 0.9783490828841492 0.9852106160429858 0.0003900891480004276
60129.90705805948 4.45 0.55 0.9846970646654305 0.000289052424289411 1.0070100718208632 1.0000067070576792 1.0000016623556758 0.9783553924114138 0.985221979650514 -0.0005249149850834467
60129.90754144146 4.45 0.55 0.985655811389948 0.0002892330820257914 1.0070097298501672 1.0000008336528765 1.0000005302491861 0.9783620105151916 0.9852214076486824 0.00043440374126557657
60129.90802482345 4.45 0.55 0.9852639626469256 0.0002890536136945737 1.0070093878794661 1.0000077650660213 0.9999953522312833 0.9783689483118444 0.9852297869688159 3.417567810970468e-05
60129.90850820544 4.45 0.55 0.9851314977082261 0.00028912870606236736 1.00700904590877 0.9999981249881503 1.0000023676326442 0.9783762174730909 0.9852341866396434 -0.00010268893141729407
60129.908991587414 4.45 0.55 0.9851792389102519 0.00028917891665635517 1.0070087039380793 1.0000029515368627 1.000002045906244 0.9783838302514978 0.9852459565474921 -6.671763724019897e-05
60129.909474969405 4.45 0.55 0.985127969275138 0.000289000104050995 1.007008361967378 1.0000013276091517 0.9999922316677863 0.9783917995075124 0.9852423776600397 -0.00011440838490173189
