1-transit analysis/LC/wasp-107b/jwst/5/S5_wasp-107b_ap5_bg11_Table_Save_ch0.txt
# %ECSV 1.0
# ---
# datatype:
# - {name: time, datatype: float64}
# - {name: wavelength, datatype: float64}
# - {name: bin_width, datatype: float64}
# - {name: lcdata, datatype: float64}
# - {name: lcerr, datatype: float64}
# - {name: polynomial, datatype: float64}
# - {name: ypos, datatype: float64}
# - {name: ywidth, datatype: float64}
# - {name: astrophysical model, datatype: float64}
# - {name: model, datatype: float64}
# - {name: residuals, datatype: float64}
# schema: astropy-2.0
time wavelength bin_width lcdata lcerr polynomial ypos ywidth "astrophysical model" model residuals
[from data line 360]
60129.91044173337 4.45 0.55 0.9857284609197027 0.0002891939362410178 1.007007678025986 0.9999979374087486 1.0000018324969597 0.978408862104935 0.9852650096807071 0.0004634512389956047
60129.910925115364 4.45 0.55 0.9851591084481371 0.00028908401909695053 1.007007336055285 0.9999983584184695 0.9999936742252914 0.9784179844756344 0.9852662380759681 -0.000107129627830993
60129.91140849734 4.45 0.55 0.9857459490412659 0.0002892386308325348 1.007006994084594 0.9999918164061504 0.9999907754584513 0.9784275214511426 0.9852662054344441 0.00047974360682179196
60129.911891879325 4.45 0.55 0.9853589207261908 0.0002891117093572029 1.0070066521138978 0.999996286445194 0.9999981051531448 0.978437489410228 0.9852875346014168 7.138612477397555e-05
60129.912375261316 4.45 0.55 0.9854443005044246 0.00028913155520395966 1.0070063101431967 1.000003763804274 0.9999951339149079 0.9784479055495734 0.9853021289359353 0.00014217156848927992
60129.9128586433 4.45 0.55 0.9853941435664758 0.00028913751853131545 1.0070059681725008 1.0000035353472152 0.9999970351613817 0.9784587879294447 0.9853144011754702 7.974239100561054e-05
60129.913342025284 4.45 0.55 0.9855200222695406 0.00028908841304002537 1.0070056262018048 1.0000059261464207 1.0000029360507081 0.9784701555238791 0.9853336838442028 0.00018633842533777312
60129.913825407275 4.45 0.55 0.9857175884631189 0.00028917368057828426 1.0070052842311035 1.0000033676449105 1.0000075998573874 0.9784820282738094 0.9853473797032409 0.00037020875987792135
60129.91430878925 4.45 0.55 0.985608125571642 0.0002891840056210021 1.0070049422604126 0.9999985431002544 0.999998009110327 0.978494427144472 0.985345326836708 0.0002627987349340666
60129.914792171236 4.45 0.55 0.9851551941964872 0.00028908385899273646 1.0070046002897166 1.0000041513908609 0.9999988144474902 0.9785073741904926 0.985364349645098 -0.00020915544861077606
60129.91527555323 4.45 0.55 0.9849956680000677 0.00028909023512136133 1.0070042583190155 0.999994261511554 0.9999946222505133 0.9785208926231737 0.985363752096387 -0.00036808409631938765
60129.9157589352 4.45 0.55 0.9852778278210534 0.0002891977340722268 1.0070039163483246 0.9999957262617986 0.999993590082138 0.9785350068855424 0.9853780566919472 -0.00010022887089378152
60129.916242317195 4.45 0.55 0.9858248760271 0.00028917492689797944 1.0070035743776236 1.0000025530401648 1.0000006310075846 0.9785497427366322 0.9854062262141667 0.0004186498129332694
60129.91672569918 4.45 0.55 0.9854896370667489 0.0002891415125825703 1.0070032324069274 0.9999974503595263 0.999998597539432 0.978565127338459 0.9854143518815704 7.528518517840865e-05
60129.917209081155 4.45 0.55 0.9853362888050629 0.00028908650314402533 1.0070028904362365 1.0000091973659655 0.9999975563659133 0.97858118935682 0.9854407415443027 -0.00010445273923986864
60129.91769246315 4.45 0.55 0.9852624177826365 0.00028920057253109874 1.0070025484655354 1.0000067648067712 1.0000118677583698 0.9785979590699087 0.9854690002589035 -0.00020658247626703652
60129.91817584513 4.45 0.55 0.9855675512810678 0.00028912878981499226 1.0070022064948394 1.0000044721387968 0.9999912069489721 0.9786154684855454 0.9854636779157148 0.00010387336535300218
60129.918659227114 4.45 0.55 0.9857157486155332 0.00028922260647964006 1.0070018645241434 1.0000026602053491 1.000003245609242 0.978633751475566 0.9854918325283324 0.00022391608720084832
60129.919142609106 4.45 0.55 0.9849821969859666 0.0002890623888999754 1.007001522553442 0.9999982846218957 1.0000016238122202 0.9786528439208821 0.9855048136382116 -0.000522616652245067
60129.91962599108 4.45 0.55 0.9852376237676462 0.0002891466263774242 1.0070011805827512 0.9999963293875936 1.0000071683921465 0.9786727838722578 0.9855280958857898 -0.0002904721181435921
60129.920109373066 4.45 0.55 0.9854406696108081 0.00028912808678077233 1.0070008386120552 1.0000051167019095 1.0000032516429227 0.9786936117334807 0.9855535351590892 -0.00011286554828104922
60129.92059275506 4.45 0.55 0.9858559950741721 0.00028919593332384265 1.0070004966413542 0.9999944901538942 1.0000035042799165 0.9787153704598611 0.9855648874849977 0.0002911075891743886
60129.92107613704 4.45 0.55 0.9852869852197277 0.00028909998306116374 1.0070001546706582 1.0000033559943649 0.9999995490150022 0.9787381057834432 0.9855922870510111 -0.00030530183128341104
60129.921559519025 4.45 0.55 0.9853002119918747 0.00028915944657167026 1.0069998126999622 1.0000104375380314 0.9999983373967724 0.9787618664673867 0.985621664883379 -0.00032145289150431466
60129.92204290102 4.45 0.55 0.9860213482022905 0.0002892311115844274 1.0069994707292609 1.0000050837761487 0.9999936585525442 0.9787867045897857 0.9856364538387298 0.00038489436356070605
60129.92252628299 4.45 0.55 0.9862264382831258 0.00028924576585994646 1.00699912875857 1.0000120770692627 1.0000017289546295 0.9788126758640806 0.9856771199275488 0.0005493183555770331
60129.92300966498 4.45 0.55 0.9857797860468578 0.00028918772739872155 1.006998786787874 0.999997413933348 1.0000040987767622 0.9788398400084761 0.9856920224017566 8.776364510121315e-05
60129.92349304697 4.45 0.55 0.9849884407342311 0.0002890860946166642 1.006998444817173 0.9999925186105263 1.0000068311740646 0.9788682611594163 0.985718175688482 -0.0007297349542508824
60129.92397642895 4.45 0.55 0.9861113613480474 0.00028923515500028425 1.006998102846477 1.0000010187826371 1.0000011666433362 0.9788980083492584 0.9857505915693076 0.0003607697787398889
60129.924459810936 4.45 0.55 0.9858420646965815 0.00028922064105504534 1.0069977608757807 0.9999909257768409 1.0000025532876067 0.9789291560581085 0.9857730399793123 6.90247172692171e-05
60129.92494319293 4.45 0.55 0.9862113586212667 0.00028918694252784454 1.0069974189050797 1.0000069567645642 1.0000117171190646 0.9789617848487421 0.9858303995681412 0.00038095905312551803
60129.925426574904 4.45 0.55 0.9859272464124998 0.00028920271622164044 1.0069970769343888 0.9999938252419994 1.0000080432183884 0.9789959821049659 0.9858479342756218 7.931213687806249e-05
60129.92590995689 4.45 0.55 0.9855394173298725 0.00028915555490518536 1.0069967349636928 0.9999973958443272 0.9999913662384659 0.9790318429040479 0.9858707899932072 -0.00033137266333471693
60129.92639333887 4.45 0.55 0.9864053899431919 0.0002892494782041215 1.0069963929929968 1.0000080895807217 1.0000036159760677 0.9790694710348976 0.9859309665863718 0.0004744233568201306
60129.926876720856 4.45 0.55 0.9862703828177465 0.0002892420847170037 1.0069960510223008 0.999997259791165 1.0000072154080135 0.9791089802168552 0.9859632889417058 0.00030709387604066496
60129.92736010285 4.45 0.55 0.986214775481952 0.000289227314228555 1.0069957090515995 0.9999968279946132 1.000002054387409 0.9791504955579401 0.9859992455644532 0.00021552991749884676
60129.927843484824 4.45 0.55 0.9857930552910938 0.00028924123099355895 1.0069953670809086 1.000006769059599 0.9999944688130495 0.9791941553163164 0.9860451984361864 -0.00025214314509258706
60129.92832686681 4.45 0.55 0.986366620230206 0.0002893306601466801 1.0069950251102127 0.9999969850043124 1.0000025726659048 0.9792401130652588 0.9860894860604881 0.0002771341697179741
60129.9288102488 4.45 0.55 0.9863643119302892 0.00028926546575276787 1.0069946831395116 1.0000005664813245 0.9999903665466865 0.979288540359929 0.9861294121076923 0.00023489982259683462
60129.92929363078 4.45 0.55 0.9863713974944228 0.0002892725579534911 1.0069943411688156 0.9999948987294568 1.0000070494762574 0.9793396300922961 0.9861913868497908 0.00018001064463202265
60129.92977701277 4.45 0.55 0.9858878865787765 0.00028925378095070173 1.0069939991981196 1.0000007777249267 0.999997393164305 0.9793936007737368 0.986241674881625 -0.00035378830284849005
60129.93026039476 4.45 0.55 0.9858568135842752 0.00028919028297627174 1.0069936572274183 1.0000044498390945 1.000001835420126 0.9794507020936407 0.986306843738514 -0.00045003015423872306
60129.930743776735 4.45 0.55 0.986445483611861 0.00028928738003837094 1.0069933152567274 1.0000071690118038 0.9999875539864811 0.9795112223038124 0.9863560479608524 8.943565100860695e-05
60129.93122715872 4.45 0.55 0.987309181996009 0.0002894455024291435 1.0069929732860314 1.000004115937453 1.00001056274851 0.9795754983088081 0.9864401230752664 0.0008690589207426269
60129.93171054071 4.45 0.55 0.9862363779357645 0.0002892582437469882 1.0069926313153303 0.9999935003032239 1.0000052248114002 0.9796439298717652 0.986492960993106 -0.00025658305734155284
60129.932193922694 4.45 0.55 0.9866793184661078 0.00028938280942550603 1.0069922893446344 0.9999915571257659 0.9999906886278127 0.9797170004908935 0.9865499495498528 0.00012936891625503488
60129.93267730468 4.45 0.55 0.986438546956149 0.0002891568027874798 1.0069919473739382 0.9999978650818819 0.9999979535441336 0.9797953097252914 0.986641861436571 -0.00020331448042198996
60129.93316068667 4.45 0.55 0.9868220061348599 0.0002893409103172195 1.006991605403237 1.0000012917106518 0.9999984113036451 0.9798796268859322 0.9867302655328961 9.174060196381895e-05
60129.93364406865 4.45 0.55 0.9867271149571019 0.0002893271183828563 1.006991263432541 1.0000008439192152 1.0000016622155565 0.9799709896205742 0.9868246980761354 -9.758311903351746e-05
60129.93412745063 4.45 0.55 0.9868393487568179 0.00028936378276720387 1.0069909214618502 1.0000014343569155 0.9999985913136433 0.9800709157694746 0.986922539901521 -8.319114470312083e-05
60129.93461083262 4.45 0.55 0.9875274343620046 0.0002894495373419178 1.0069905794911491 0.9999854320622416 1.00000475815155 0.9801820240115122 0.9870243817045906 0.000503052657414016
60129.935094214605 4.45 0.55 0.9873924032997548 0.00028941506428648413 1.006990237520453 1.0000006964887311 0.9999988461894447 0.9803844175673847 0.9872370860214668 0.0001553172782879919
60129.93557759659 4.45 0.55 0.9875843030046444 0.0002894818502530895 1.006989895549757 1.0000115974989765 0.9999982713934747 0.9807959967793554 0.9876614053606585 -7.710235601410265e-05
60129.93606097858 4.45 0.55 0.988498803761135 0.0002895929569982724 1.0069895535790558 1.0000038625765997 1.0000021073655445 0.9813167843242196 0.9881816499263835 0.0003171538347515046
60129.936544360564 4.45 0.55 0.9887337470772006 0.00028962499090550255 1.0069892116083599 0.9999974634166684 0.9999943529964687 0.981914552796004 0.9887692696555617 -3.5522578361035784e-05
60129.93702774254 4.45 0.55 0.9895993075906521 0.0002898364845561436 1.006988869637669 0.9999978859575752 1.000003507741444 0.9825714037080749 0.9894398461303762 0.00015946146027590036
60129.937511124524 4.45 0.55 0.9903314685426116 0.0002898493650146034 1.006988527666973 0.9999992851781854 1.0000084209902829 0.9832750344368879 0.990154309450452 0.00017715909215954007
60129.93799450651 4.45 0.55 0.9910984502583909 0.0002900123557620636 1.0069881856962768 1.0000006075044638 1.0000143419510799 0.984016079736051 0.9909073801423787 0.00019107011601227075
60129.9384778885 4.45 0.55 0.9917763579945201 0.00028999394174663586 1.0069878437255757 0.9999888736186445 0.9999883174798253 0.9847869559466804 0.9916458745577083 0.00013048343681187902
60129.93896127048 4.45 0.55 0.9920377982221075 0.0002901266888636225 1.0069875017548797 0.9999954609667451 1.0000044052758703 0.9855812578905289 0.9924678758898452 -0.00043007766773772715
60129.93944465247 4.45 0.55 0.9932518082965429 0.0002902707330798 1.0069871597841837 0.9999925292393435 1.0000049800422628 0.9863934053740957 0.9932830196761054 -3.121137956252351e-05
60129.93992803445 4.45 0.55 0.9944034312867176 0.00029039766159783583 1.0069868178134878 1.0000007105882434 1.0000018405509983 0.9872184177299963 0.9941184690862629 0.0002849622004547081
60129.940411416435 4.45 0.55 0.9951082254783105 0.00029057598498424375 1.0069864758427916 1.0000088423263365 1.000002406979332 0.9880517603825545 0.994965952709294 0.00014227276901646047
60129.94089479842 4.45 0.55 0.9959781777445651 0.0002906261649075511 1.0069861338720956 1.0000019746438193 1.0000018750939337 0.9888892344448899 0.9958015805852641 0.00017659715930096187
60129.94137818041 4.45 0.55 0.9964909474653142 0.00029073681697681524 1.0069857919013945 1.000003446834598 0.9999979420677257 0.9897268931884609 0.9966423035333083 -0.00015135606799410173
60129.941861562394 4.45 0.55 0.9974899018427077 0.0002908594044426432 1.0069854499306985 0.9999983924940393 1.0000046195440926 0.990560975576899 0.9974834941169588 6.40772574889148e-06
60129.94234494438 4.45 0.55 0.9982931099901609 0.00029101731443398923 1.0069851079600025 0.9999929711669359 1.0000025637324361 0.9913878507683076 0.9983083443510505 -1.5234360889682108e-05
60129.94282832636 4.45 0.55 0.9992049477953223 0.0002911716085338924 1.0069847659893065 1.0000013568074997 1.000006073693686 0.9922039689304345 0.9991417055437717 6.324225155063257e-05
60129.943311708346 4.45 0.55 0.9999626638620546 0.0002912436712300871 1.0069844240186103 1.0000069032591024 1.0000066849349232 0.9930058151357739 0.9999549762453782 7.687616676355091e-06
60129.94379509033 4.45 0.55 1.0009796185299435 0.00029135381175900084 1.0069840820479143 0.9999970188319607 0.9999986468404333 0.993789863221832 1.0007262356748463 0.00025338285509723946
60129.94427847232 4.45 0.55 1.001011831628146 0.00029140386175257606 1.0069837400772133 0.9999978460958348 1.000005402910283 0.9945525264903048 1.001501476690647 -0.0004896450625009319
60129.944761854305 4.45 0.55 1.0020237404681491 0.00029157704746506926 1.0069833981065173 0.9999911029123694 1.0000030902296269 0.9952901013726174 1.0022347884855243 -0.00021104801737514833
60129.94524523629 4.45 0.55 1.002248150956684 0.00029159161470545376 1.0069830561358213 1.0000062077346195 0.9999909898287866 0.9959986990034698 1.0029510030592481 -0.0007028521025640444
60129.94572861828 4.45 0.55 1.003764784564328 0.0002917669695097717 1.00698271416512 0.9999978962796794 0.9999927896213697 0.9966741565152528 1.0036242993380835 0.00014048522624454662
60129.94621200026 4.45 0.55 1.004616161197138 0.00029189224342002635 1.006982372194429 0.9999938129898308 0.9999913059167418 0.9973119149408415 1.0042605732611087 0.00035558793602930017
60129.94669538224 4.45 0.55 1.0050402239377345 0.0002919904145176185 1.0069820302237331 0.9999955780984601 1.0000003053074145 0.9979068400922925 1.004870119149472 0.00017010478826251507
60129.94717876423 4.45 0.55 1.0054381290876215 0.0002920002234853601 1.006981688253032 1.000000886275161 1.0000021732080069 0.9984529393504985 1.0054269025875773 1.1226500044259069e-05
60129.947662146216 4.45 0.55 1.0058744583253625 0.00029205876608403317 1.006981346282336 1.00000042736873 0.9999974202383377 0.9989428719863693 1.0059146729625756 -4.021463721315399e-05
60129.9481455282 4.45 0.55 1.0060071371093593 0.0002920848849344438 1.0069810043116398 1.000009897197214 0.9999976968045392 0.9993669901330445 1.00635121755201 -0.00034408044265066273
"" 4.45 0.55 "" "" "" 0.9999991130239982 0.9999933100677568 0.9997110579761225 "" ""
60129.94911229216 4.45 0.55 1.007294269359082 0.0002922927881391891 1.006980320370253 0.9999962826159153 0.9999880213655927 0.9999482446254375 1.006912399007727 0.0003818703513549515
60129.94959567415 4.45 0.55 1.0071810583888856 0.0002922411314163394 1.006979978399552 1.0000053522735082 0.9999961171290883 1.0 1.0069814580376195 0.00019960035126609377
60129.950079056136 4.45 0.55 1.00687345450985 0.00029231948668560965 1.006979636428856 1.0000075456250117 0.99999866933319 1.0 1.0069858947550954 -0.00011244024524525997
60129.95056243812 4.45 0.55 1.0065352177470794 0.000292213688341635 1.00697929445816 0.9999963709852668 1.0000014747234163 1.0 1.0069771251260204 -0.00044190737894100884
60129.95104582011 4.45 0.55 1.0070494927253366 0.00029228557724946734 1.0069789524874586 0.9999982611476075 1.0000002283814546 1.0 1.0069774314746158 7.206125072078962e-05
60129.951529202095 4.45 0.55 1.007096890671491 0.0002922869936930628 1.0069786105167626 1.0000047062986628 1.0000013780011319 1.0 1.0069847372830463 0.00011215338844472456
