1-transit analysis/LC/wasp-107b/tess/7/S5_wasp-107b_ap5_bg11_Table_Save_ch0.txt
# %ECSV 1.0
# ---
# datatype:
# - {name: time, datatype: float64}
# - {name: wavelength, datatype: float64}
# - {name: bin_width, datatype: float64}
# - {name: lcdata, datatype: float32}
# - {name: lcerr, datatype: float32}
# - {name: polynomial, datatype: float64}
# - {name: ypos, datatype: float64}
# - {name: ywidth, datatype: float64}
# - {name: astrophysical model, datatype: float64}
# - {name: model, datatype: float64}
# - {name: residuals, datatype: float64}
# schema: astropy-2.0
time wavelength bin_width lcdata lcerr polynomial ypos ywidth "astrophysical model" model residuals
[from data line 130]
2460793.5271708835 0.075 0.0 0.9989308 0.0013247896 1.001627482708829 1.0 1.0 1.0 1.001627482708829 -0.0026966708268099104
2460793.528559711 0.075 0.0 1.0034087 0.0013259125 1.0016273960362212 1.0 1.0 1.0 1.0016273960362212 0.0017812743891938432
2460793.5299485377 0.075 0.0 1.0034591 0.0013257901 1.0016273093636425 1.0 1.0 1.0 1.0016273093636425 0.0018317865912524933
2460793.531337365 0.075 0.0 1.0027536 0.001325073 1.0016272226910345 1.0 1.0 1.0 1.0016272226910345 0.0011263926882989495
2460793.5327261924 0.075 0.0 1.0023432 0.0013251733 1.0016271360184268 1.0 1.0 1.0 1.0016271360184268 0.0007160417769833671
2460793.5341150193 0.075 0.0 1.0020775 0.0013255624 1.0016270493458481 1.0 1.0 1.0 1.0016270493458481 0.0004504109431533454
2460793.5355038466 0.075 0.0 1.0006851 0.0013244578 1.0016269626732404 1.0 1.0 1.0 1.0016269626732404 -0.0009418668861920221
2460793.536892674 0.075 0.0 1.0020461 0.001325282 1.0016268760006326 1.0 1.0 1.0 1.0016268760006326 0.000419232245217005
2460793.538281501 0.075 0.0 1.0007906 0.0013251719 1.001626789328054 1.0 1.0 1.0 1.001626789328054 -0.0008361933197531535
2460793.539670328 0.075 0.0 1.0010179 0.0013254097 1.0016267026554462 1.0 1.0 1.0 1.0016267026554462 -0.0006087745319720561
2460793.5410591555 0.075 0.0 0.9995832 0.0013247771 1.0016266159828382 1.0 1.0 1.0 1.0016266159828382 -0.0020434312637525043
2460793.5424479824 0.075 0.0 1.002057 0.0013251749 1.0016265293102595 1.0 1.0 1.0 1.0016265293102595 0.0004304269809392025
2460793.5438368097 0.075 0.0 1.000572 0.0013245677 1.0016264426376518 1.0 1.0 1.0 1.0016264426376518 -0.001054476466387122
2460793.545225637 0.075 0.0 1.0011957 0.0013257025 1.001626355965044 1.0 1.0 1.0 1.001626355965044 -0.000430686790849677
2460793.546614464 0.075 0.0 1.0012962 0.0013250572 1.0016262692924653 1.0 1.0 1.0 1.0016262692924653 -0.0003301066871796987
2460793.5480032912 0.075 0.0 1.0014533 0.0013249804 1.0016261826198576 1.0 1.0 1.0 1.0016261826198576 -0.0001729021709440115
2460793.549392118 0.075 0.0 0.9993893 0.001323983 1.0016260959472787 1.0 1.0 1.0 1.0016260959472787 -0.0022368051376473463
2460793.5507809455 0.075 0.0 1.0036068 0.001324929 1.001626009274671 1.0 1.0 1.0 1.001626009274671 0.001980786989977501
2460793.552169773 0.075 0.0 1.0004462 0.00132521 1.0016259226020632 1.0 1.0 1.0 1.0016259226020632 -0.0011797222312746047
2460793.5535585997 0.075 0.0 1.0008715 0.0013251317 1.0016258359294845 1.0 1.0 1.0 1.0016258359294845 -0.0007542968135787476
2460793.554947427 0.075 0.0 1.001515 0.0013259619 1.0016257492568768 1.0 1.0 1.0 1.0016257492568768 -0.00011071839597587285
2460793.556336254 0.075 0.0 1.002636 0.0013250569 1.001625662584298 1.0 1.0 1.0 1.001625662584298 0.001010293226248793
2460793.557725081 0.075 0.0 1.0002273 0.0013242495 1.0016255759116903 1.0 1.0 1.0 1.0016255759116903 -0.0013982437965169847
2460793.559113908 0.075 0.0 1.0022912 0.0013247966 1.0016254892391114 1.0 1.0 1.0 1.0016254892391114 0.0006657133060545828
2460793.5605027354 0.075 0.0 1.0009172 0.0013246788 1.0016254025665037 1.0 1.0 1.0 1.0016254025665037 -0.0007082062926999644
2460793.561891563 0.075 0.0 1.0028759 0.0013251939 1.001625315893896 1.0 1.0 1.0 1.001625315893896 0.0012506082165166799
2460793.5632803896 0.075 0.0 1.0001093 0.0013243426 1.0016252292213172 1.0 1.0 1.0 1.0016252292213172 -0.0015159143027991817
2460793.564669217 0.075 0.0 1.0009395 0.0013249511 1.0016251425487095 1.0 1.0 1.0 1.0016251425487095 -0.0006856541377597836
2460793.566058044 0.075 0.0 1.0011613 0.0013243251 1.0016250558761308 1.0 1.0 1.0 1.0016250558761308 -0.00046371897732711
2460793.567446871 0.075 0.0 1.00325 0.0013256164 1.0016249692035228 1.0 1.0 1.0 1.0016249692035228 0.0016250336575001079
2460793.568835698 0.075 0.0 1.0045061 0.0013263078 1.0016248825309442 1.0 1.0 1.0 1.0016248825309442 0.0028812286140753596
2460793.5702245254 0.075 0.0 1.0048453 0.0013260909 1.0016247958583364 1.0 1.0 1.0 1.0016247958583364 0.0032204657154550898
2460793.5716133523 0.075 0.0 1.0022398 0.0013250834 1.0016247091857577 1.0 1.0 1.0 1.0016247091857577 0.0006151141556118844
2460793.5730021796 0.075 0.0 1.0005196 0.0013241273 1.00162462251315 1.0 1.0 1.0 1.00162462251315 -0.0011049892199981315
2460793.5743910065 0.075 0.0 1.0028491 0.0013256408 1.0016245358405713 1.0 1.0 1.0 1.0016245358405713 0.0012245661796923546
2460793.575779834 0.075 0.0 1.0020775 0.0013254846 1.0016244491679633 1.0 1.0 1.0 1.0016244491679633 0.00045301112103812713
2460793.5771686607 0.075 0.0 1.00167 0.001325262 1.0016243624953847 1.0 1.0 1.0 1.0016243624953847 4.5640441932226494e-05
2460793.5785574876 0.075 0.0 1.0010139 0.0013248812 1.001624275822806 1.0 1.0 1.0 1.001624275822806 -0.0006104008151766038
2460793.579946315 0.075 0.0 1.0012199 0.0013249621 1.0016241891501982 1.0 1.0 1.0 1.0016241891501982 -0.0004043204902250963
2460793.581335142 0.075 0.0 1.0016813 0.0013247185 1.0016241024776196 1.0 1.0 1.0 1.0016241024776196 5.722534220464759e-05
2460793.582723969 0.075 0.0 1.0018107 0.0013247675 1.0016240158050118 1.0 1.0 1.0 1.0016240158050118 0.00018665409397500277
2460793.584112796 0.075 0.0 1.0025253 0.001325658 1.001623929132433 1.0 1.0 1.0 1.001623929132433 0.0009014004574108281
2460793.5855016233 0.075 0.0 1.0021062 0.0013256208 1.0016238424598252 1.0 1.0 1.0 1.0016238424598252 0.00048234726795803873
2460793.58689045 0.075 0.0 1.0036496 0.0013256492 1.0016237557872465 1.0 1.0 1.0 1.0016237557872465 0.0020258366123506732
2460793.5882792776 0.075 0.0 0.99956584 0.0013240497 1.0016236691146387 1.0 1.0 1.0 1.0016236691146387 -0.0020578293471826825
2460793.5896681044 0.075 0.0 1.0016679 0.0013245409 1.00162358244206 1.0 1.0 1.0 1.00162358244206 4.427472804491295e-05
2460793.5910569313 0.075 0.0 1.0013607 0.0013246244 1.0016234957694812 1.0 1.0 1.0 1.0016234957694812 -0.0002628409385485586
2460793.5924457586 0.075 0.0 1.0030167 0.0013259621 1.0016234090968734 1.0 1.0 1.0 1.0016234090968734 0.001393301184498652
2460793.5938345855 0.075 0.0 1.0000657 0.001324319 1.0016233224242947 1.0 1.0 1.0 1.0016233224242947 -0.0015576381057522681
2460793.595223413 0.075 0.0 1.002603 0.0013250419 1.001623235751687 1.0 1.0 1.0 1.001623235751687 0.0009798182949438683
2460793.5966122397 0.075 0.0 1.0027031 0.0013252703 1.0016231490791083 1.0 1.0 1.0 1.0016231490791083 0.0010799215614556434
2460793.5980010666 0.075 0.0 1.0036266 0.0013257529 1.0016230624065297 1.0 1.0 1.0 1.0016230624065297 0.0020035226001842155
2460793.599389894 0.075 0.0 1.0011145 0.0013254421 1.0016229757339217 1.0 1.0 1.0 1.0016229757339217 -0.0005084880859114183
2460793.600778721 0.075 0.0 1.0027974 0.0013251653 1.001622889061343 1.0 1.0 1.0 1.001622889061343 0.0011744761272556303
2460793.6021675477 0.075 0.0 1.002874 0.0013256212 1.0016228023887643 1.0 1.0 1.0 1.0016228023887643 0.0012512143730154524
2460793.603556375 0.075 0.0 1.001927 0.001325361 1.0016227157161566 1.0 1.0 1.0 1.0016227157161566 0.0003043024494318036
2460793.604945202 0.075 0.0 1.0015479 0.0013254567 1.001622629043578 1.0 1.0 1.0 1.001622629043578 -7.469641876101107e-05
2460793.6063340288 0.075 0.0 1.0006227 0.0013241482 1.001622542370999 1.0 1.0 1.0 1.001622542370999 -0.0009997930423857326
2460793.607722856 0.075 0.0 1.000122 0.0013253104 1.0016224556983913 1.0 1.0 1.0 1.0016224556983913 -0.0015005045951808071
2460793.609111683 0.075 0.0 1.0016444 0.0013248983 1.0016223690258126 1.0 1.0 1.0 1.0016223690258126 2.2003914250889878e-05
2460793.61050051 0.075 0.0 1.0007492 0.0013246519 1.001622282353234 1.0 1.0 1.0 1.001622282353234 -0.0008730519684072569
2460793.611889337 0.075 0.0 1.0023011 0.0013251478 1.0016221956806262 1.0 1.0 1.0 1.0016221956806262 0.000678901235572571
2460793.613278164 0.075 0.0 1.0003675 0.001325028 1.0016221090080475 1.0 1.0 1.0 1.0016221090080475 -0.0012545867683624312
2460793.614666991 0.075 0.0 1.0029246 0.0013249031 1.0016220223354686 1.0 1.0 1.0 1.0016220223354686 0.0013025391650807183
2460793.616055818 0.075 0.0 1.002269 0.001325406 1.00162193566289 1.0 1.0 1.0 1.00162193566289 0.0006470939544196419
2460793.617444645 0.075 0.0 1.0002207 0.0013243607 1.0016218489902822 1.0 1.0 1.0 1.0016218489902822 -0.0014011925953236748
2460793.618833472 0.075 0.0 0.9997759 0.0013249303 1.0016217623177035 1.0 1.0 1.0 1.0016217623177035 -0.00184587578205897
2460793.620222299 0.075 0.0 1.0028088 0.0013259819 1.0016216756451248 1.0 1.0 1.0 1.0016216756451248 0.0011871336352706763
2460793.6216111262 0.075 0.0 1.0023625 0.0013262915 1.0016215889725169 1.0 1.0 1.0 1.0016215889725169 0.0007409007278005308
2460793.622999953 0.075 0.0 1.001149 0.0013247209 1.0016215022999382 1.0 1.0 1.0 1.0016215022999382 -0.0004724439579582018
2460793.62438878 0.075 0.0 1.0019772 0.001325682 1.0016214156273595 1.0 1.0 1.0 1.0016214156273595 0.0003557896491297452
2460793.625777607 0.075 0.0 0.99993324 0.0013243048 1.0016213289547808 1.0 1.0 1.0 1.0016213289547808 -0.0016880861569292804
2460793.6271664337 0.075 0.0 1.0013477 0.0013245981 1.0016212422822022 1.0 1.0 1.0 1.0016212422822022 -0.0002735812638305912
2460793.628555261 0.075 0.0 1.0001453 0.0013246303 1.0016211556095942 1.0 1.0 1.0 1.0016211556095942 -0.0014758394856317913
2460793.629944088 0.075 0.0 1.0007379 0.0013242139 1.0016210689370155 1.0 1.0 1.0 1.0016210689370155 -0.0008831634346961881
2460793.631332915 0.075 0.0 1.0005361 0.001323997 1.0016209822644369 1.0 1.0 1.0 1.0016209822644369 -0.001084898089326991
2460793.6327217417 0.075 0.0 1.0008519 0.0013250699 1.0016208955918582 1.0 1.0 1.0 1.0016208955918582 -0.0007690260087283018
2460793.634110569 0.075 0.0 1.001567 0.0013245054 1.0016208089192504 1.0 1.0 1.0 1.0016208089192504 -5.380280810540761e-05
2460793.635499396 0.075 0.0 1.0031933 0.0013257416 1.0016207222466715 1.0 1.0 1.0 1.0016207222466715 0.001572536992525242
2460793.636888223 0.075 0.0 1.0037073 0.0013254016 1.0016206355740929 1.0 1.0 1.0 1.0016206355740929 0.0020866541216468804
2460793.6382770496 0.075 0.0 1.0004944 0.0013245124 1.0016205489015142 1.0 1.0 1.0 1.0016205489015142 -0.0011261879777471062
2460793.6396658765 0.075 0.0 1.0026815 0.0013256026 1.0016204622289355 1.0 1.0 1.0 1.0016204622289355 0.001061031530219747
2460793.6410547034 0.075 0.0 1.0033011 0.0013258655 1.0016203755563569 1.0 1.0 1.0 1.0016203755563569 0.0016807680898833777
2460793.6424435307 0.075 0.0 1.000165 0.00132412 1.0016202888837489 1.0 1.0 1.0 1.0016202888837489 -0.0014553032270105959
2460793.6438323576 0.075 0.0 1.0023348 0.0013249725 1.0016202022111702 1.0 1.0 1.0 1.0016202022111702 0.0007146309339713941
2460793.6452211845 0.075 0.0 1.0030949 0.001325619 1.0016201155385915 1.0 1.0 1.0 1.0016201155385915 0.001474796036725845
2460793.6466100113 0.075 0.0 1.0022118 0.0013245731 1.0016200288660129 1.0 1.0 1.0 1.0016200288660129 0.0005917802923123272
2460793.647998838 0.075 0.0 1.0027808 0.001325505 1.0016199421934342 1.0 1.0 1.0 1.0016199421934342 0.0011608529039168758
2460793.649387665 0.075 0.0 1.0044186 0.001325682 1.0016198555208553 1.0 1.0 1.0 1.0016198555208553 0.002798756005633951
2460793.650776492 0.075 0.0 1.0021911 0.0013252647 1.0016197688482766 1.0 1.0 1.0 1.0016197688482766 0.0005712978936667223
2460793.6521653193 0.075 0.0 1.0015509 0.0013244044 1.0016196821756689 1.0 1.0 1.0 1.0016196821756689 -6.876931861321545e-05
2460793.653554146 0.075 0.0 1.0004181 0.0013239484 1.0016195955030902 1.0 1.0 1.0 1.0016195955030902 -0.00120152852463562
2460793.654942973 0.075 0.0 1.0024399 0.0013262223 1.0016195088305115 1.0 1.0 1.0 1.0016195088305115 0.0008203476987242997
2460793.6563318 0.075 0.0 1.0031171 0.0013254337 1.0016194221579326 1.0 1.0 1.0 1.0016194221579326 0.0014976623452411797
2460793.657720627 0.075 0.0 1.0008793 0.0013253998 1.001619335485354 1.0 1.0 1.0 1.001619335485354 -0.0007400477656274163
2460793.6591094537 0.075 0.0 1.0028701 0.0013248342 1.0016192488127753 1.0 1.0 1.0 1.0016192488127753 0.0012508340424493003
2460793.6604982805 0.075 0.0 1.0019526 0.0013253387 1.0016191621401966 1.0 1.0 1.0 1.0016191621401966 0.0003334860226451575
2460793.6618871074 0.075 0.0 1.0015317 0.0013255711 1.0016190754676177 1.0 1.0 1.0 1.0016190754676177 -8.73553061797594e-05
2460793.6632759343 0.075 0.0 1.0017633 0.0013258047 1.001618988795039 1.0 1.0 1.0 1.001618988795039 0.00014435501599607825
2460793.664664761 0.075 0.0 1.0021466 0.0013249652 1.0016189021224604 1.0 1.0 1.0 1.0016189021224604 0.0005276995544805096
2460793.666053588 0.075 0.0 1.001249 0.0013251636 1.0016188154498817 1.0 1.0 1.0 1.0016188154498817 -0.0003698597232582035
2460793.667442415 0.075 0.0 1.0013365 0.0013251241 1.0016187287773028 1.0 1.0 1.0 1.0016187287773028 -0.00028227343214903833
2460793.668831242 0.075 0.0 1.0033681 0.0013250167 1.0016186421047242 1.0 1.0 1.0 1.0016186421047242 0.0017494971622435962
2460793.6702200687 0.075 0.0 1.0018772 0.0013252827 1.0016185554321455 1.0 1.0 1.0 1.0016185554321455 0.0002586332504106448
2460793.6716088955 0.075 0.0 1.0000108 0.0013243925 1.0016184687595668 1.0 1.0 1.0 1.0016184687595668 -0.0016076207142177168
2460793.6729977224 0.075 0.0 1.0017856 0.0013252195 1.0016183820869882 1.0 1.0 1.0 1.0016183820869882 0.00016725386119298413
2460793.6743865493 0.075 0.0 1.0018196 0.0013249506 1.0016182954144093 1.0 1.0 1.0 1.0016182954144093 0.0002013151812938485
2460793.675775376 0.075 0.0 1.0018408 0.0013256184 1.0016182087418306 1.0 1.0 1.0 1.0016182087418306 0.00022262110741255725
2460793.677164203 0.075 0.0 1.0014992 0.00132455 1.001618122069252 1.0 1.0 1.0 1.001618122069252 -0.00011894604386131213
2460793.67855303 0.075 0.0 1.0017143 0.0013244295 1.0016180353966733 1.0 1.0 1.0 1.0016180353966733 9.63133963565177e-05
2460793.679941857 0.075 0.0 1.004164 0.0013262685 1.0016179487240944 1.0 1.0 1.0 1.0016179487240944 0.0025460317599144133
2460793.6813306836 0.075 0.0 1.0022459 0.001325648 1.0016178620515157 1.0 1.0 1.0 1.0016178620515157 0.0006280409636210127
2460793.6827195105 0.075 0.0 1.0007964 0.0013249507 1.001617775378937 1.0 1.0 1.0 1.001617775378937 -0.0008213381154482668
2460793.6841083374 0.075 0.0 1.0013404 0.0013252593 1.0016176887063584 1.0 1.0 1.0 1.0016176887063584 -0.0002772994546493823
2460793.6854971643 0.075 0.0 1.0025486 0.0013249839 1.0016176020337797 1.0 1.0 1.0 1.0016176020337797 0.0009309733675264553
2460793.686885991 0.075 0.0 0.9995304 0.0013247288 1.0016175153612008 1.0 1.0 1.0 1.0016175153612008 -0.002087140357386108
2460793.688274818 0.075 0.0 1.0023366 0.0013249976 1.0016174286886221 1.0 1.0 1.0 1.0016174286886221 0.0007191925958627277
2460793.689663645 0.075 0.0 1.0029557 0.0013257116 1.0016173420160435 1.0 1.0 1.0 1.0016173420160435 0.0013383331090786044
2460793.6910524718 0.075 0.0 1.0017476 0.0013250461 1.0016172553434648 1.0 1.0 1.0 1.0016172553434648 0.00013035284134965686
2460793.6924412986 0.075 0.0 1.0007272 0.0013244863 1.001617168670886 1.0 1.0 1.0 1.001617168670886 -0.0008899920046261389
2460793.6938301255 0.075 0.0 1.0017821 0.0013251911 1.0016170819983072 1.0 1.0 1.0 1.0016170819983072 0.00016497767118739404
2460793.6952189524 0.075 0.0 1.0013564 0.0013250941 1.0016169953257286 1.0 1.0 1.0 1.0016169953257286 -0.00026063202921977613
2460793.6966077792 0.075 0.0 1.0000701 0.0013249906 1.00161690865315 1.0 1.0 1.0 1.00161690865315 -0.0015468135908940361
2460793.697996606 0.075 0.0 1.0017074 0.0013247351 1.001616821980571 1.0 1.0 1.0 1.001616821980571 9.061267366483605e-05
2460793.6993854325 0.075 0.0 1.0008945 0.001325433 1.0016167353080214 1.0 1.0 1.0 1.0016167353080214 -0.0007221887992323595
2460793.7007742594 0.075 0.0 0.99909955 0.0013245739 1.0016166486354428 1.0 1.0 1.0 1.0016166486354428 -0.0025170960040645785
2460793.7021630863 0.075 0.0 1.0014654 0.001325324 1.001616561962864 1.0 1.0 1.0 1.001616561962864 -0.0001511221664163287
2460793.703551913 0.075 0.0 1.0026342 0.0013242138 1.0016164752902852 1.0 1.0 1.0 1.0016164752902852 0.0010176923809184224
2460793.70494074 0.075 0.0 1.0003762 0.0013242505 1.0016163886177065 1.0 1.0 1.0 1.0016163886177065 -0.0012401640998842556
