1-transit analysis/LC/wasp-107b/tess/7/S5_wasp-107b_ap5_bg11_Table_Save_ch0.txt
# %ECSV 1.0
# ---
# datatype:
# - {name: time, datatype: float64}
# - {name: wavelength, datatype: float64}
# - {name: bin_width, datatype: float64}
# - {name: lcdata, datatype: float32}
# - {name: lcerr, datatype: float32}
# - {name: polynomial, datatype: float64}
# - {name: ypos, datatype: float64}
# - {name: ywidth, datatype: float64}
# - {name: astrophysical model, datatype: float64}
# - {name: model, datatype: float64}
# - {name: residuals, datatype: float64}
# schema: astropy-2.0
time wavelength bin_width lcdata lcerr polynomial ypos ywidth "astrophysical model" model residuals
[from data line 770]
2460794.416019686 0.075 0.0 1.0009438 0.0013249642 1.0015720122831786 1.0 1.0 1.0 1.0015720122831786 -0.000628232337805068
2460794.4174085115 0.075 0.0 1.00265 0.0013251858 1.001571925610687 1.0 1.0 1.0 1.001571925610687 0.0010780968960268922
2460794.418797337 0.075 0.0 1.0024796 0.0013244123 1.0015718389381956 1.0 1.0 1.0 1.0015718389381956 0.0009077142844606811
2460794.420186162 0.075 0.0 1.0013987 0.0013243753 1.001571752265733 1.0 1.0 1.0 1.001571752265733 -0.0001730696714337121
2460794.4215749875 0.075 0.0 1.0019058 0.0013251173 1.0015716655932414 1.0 1.0 1.0 1.0015716655932414 0.00033413331880693953
2460794.422963813 0.075 0.0 1.0013174 0.0013252962 1.00157157892075 1.0 1.0 1.0 1.00157157892075 -0.0002541970619243106
2460794.4243526384 0.075 0.0 1.0018083 0.0013249441 1.0015714922482584 1.0 1.0 1.0 1.0015714922482584 0.0002367934649374348
2460794.4257414634 0.075 0.0 1.0019261 0.001325716 1.0015714055757958 1.0 1.0 1.0 1.0015714055757958 0.00035465891547614703
2460794.427130289 0.075 0.0 1.0015337 0.0013256775 1.0015713189033044 1.0 1.0 1.0 1.0015713189033044 -3.7572183944067916e-05
2460794.4285191144 0.075 0.0 1.0017573 0.001325014 1.0015712322308128 1.0 1.0 1.0 1.0015712322308128 0.00018603190645527512
2460794.4299079394 0.075 0.0 1.003585 0.001325326 1.0015711455583503 1.0 1.0 1.0 1.0015711455583503 0.0020138354063103936
2460794.431296765 0.075 0.0 1.0026765 0.001325321 1.0015710588858588 1.0 1.0 1.0 1.0015710588858588 0.0011054280831352958
2460794.4326855903 0.075 0.0 1.003723 0.0013254118 1.0015709722133672 1.0 1.0 1.0 1.0015709722133672 0.0021520531085932326
2460794.4340744154 0.075 0.0 1.0024054 0.0013256966 1.001570885540905 1.0 1.0 1.0 1.001570885540905 0.0008345195036507658
2460794.435463241 0.075 0.0 0.99956495 0.0013244126 1.0015707988684133 1.0 1.0 1.0 1.0015707988684133 -0.0020058531706288463
2460794.4368520663 0.075 0.0 1.0003635 0.0013242819 1.0015707121959216 1.0 1.0 1.0 1.0015707121959216 -0.0012072430720813099
2460794.4382408913 0.075 0.0 1.0012506 0.0013244273 1.0015706255234593 1.0 1.0 1.0 1.0015706255234593 -0.0003200008667820775
2460794.439629717 0.075 0.0 1.0031697 0.0013251168 1.0015705388509677 1.0 1.0 1.0 1.0015705388509677 0.0015991169488980272
2460794.441018542 0.075 0.0 1.0018508 0.0013250852 1.0015704521785052 1.0 1.0 1.0 1.0015704521785052 0.0002803912510602746
2460794.4424073673 0.075 0.0 0.9996991 0.0013246808 1.0015703655060137 1.0 1.0 1.0 1.0015703655060137 -0.0018712497528399208
2460794.4437961928 0.075 0.0 1.0011618 0.00132438 1.0015702788335221 1.0 1.0 1.0 1.0015702788335221 -0.00040846509756020666
2460794.445185018 0.075 0.0 1.0026045 0.0013238196 1.0015701921610596 1.0 1.0 1.0 1.0015701921610596 0.0010342923970458884
2460794.4465738432 0.075 0.0 1.0042106 0.0013258426 1.0015701054885682 1.0 1.0 1.0 1.0015701054885682 0.0026404858276549703
2460794.4479626687 0.075 0.0 0.99988604 0.0013235623 1.0015700188160765 1.0 1.0 1.0 1.0015700188160765 -0.001683982896887093
2460794.4493514937 0.075 0.0 1.0021036 0.0013257025 1.0015699321436142 1.0 1.0 1.0 1.0015699321436142 0.0005336349797988582
2460794.450740319 0.075 0.0 1.0032369 0.0013253284 1.0015698454711226 1.0 1.0 1.0 1.0015698454711226 0.0016670443680497637
2460794.452129144 0.075 0.0 1.0022676 0.0013256961 1.00156975879866 1.0 1.0 1.0 1.00156975879866 0.0006978403071749018
2460794.4535179697 0.075 0.0 0.999895 0.0013247512 1.0015696721261687 1.0 1.0 1.0 1.0015696721261687 -0.0016746955102628913
2460794.4549067947 0.075 0.0 1.0004534 0.001324488 1.0015695854537061 1.0 1.0 1.0 1.0015695854537061 -0.0011162325255444916
2460794.45629562 0.075 0.0 1.0005873 0.0013245471 1.0015694987812145 1.0 1.0 1.0 1.0015694987812145 -0.0009821546115977853
2460794.4576844457 0.075 0.0 1.0012094 0.0013250067 1.001569412108723 1.0 1.0 1.0 1.001569412108723 -0.00036003386623040257
2460794.4590732707 0.075 0.0 1.0003519 0.0013248189 1.0015693254362605 1.0 1.0 1.0 1.0015693254362605 -0.0012174196135066317
2460794.460462096 0.075 0.0 1.0015419 0.0013243546 1.001569238763769 1.0 1.0 1.0 1.001569238763769 -2.7385812719105118e-05
2460794.461850921 0.075 0.0 1.0010608 0.0013247188 1.0015691520913066 1.0 1.0 1.0 1.0015691520913066 -0.0005083086235941892
2460794.4632397466 0.075 0.0 1.0025331 0.0013255395 1.001569065418815 1.0 1.0 1.0 1.001569065418815 0.0009640127748495875
2460794.4646285716 0.075 0.0 1.0010403 0.0013247489 1.0015689787463524 1.0 1.0 1.0 1.0015689787463524 -0.000528639276442755
2460794.466017397 0.075 0.0 1.0002834 0.0013243363 1.001568892073861 1.0 1.0 1.0 1.001568892073861 -0.0012855315925988098
2460794.467406222 0.075 0.0 1.002835 0.0013258863 1.0015688054013985 1.0 1.0 1.0 1.0015688054013985 0.0012662299226982032
2460794.4687950476 0.075 0.0 1.0008928 0.0013242939 1.0015687187289068 1.0 1.0 1.0 1.0015687187289068 -0.0006759603594610475
2460794.4701838726 0.075 0.0 1.0008779 0.0013242926 1.0015686320564445 1.0 1.0 1.0 1.0015686320564445 -0.0006907748481925768
2460794.471572698 0.075 0.0 1.0023029 0.0013253882 1.001568545383953 1.0 1.0 1.0 1.001568545383953 0.0007343396715890904
2460794.472961523 0.075 0.0 1.0001745 0.0013242055 1.0015684587114904 1.0 1.0 1.0 1.0015684587114904 -0.0013939363115880177
2460794.4743503486 0.075 0.0 1.0019474 0.0013250693 1.001568372038999 1.0 1.0 1.0 1.001568372038999 0.0003790309151026072
2460794.4757391736 0.075 0.0 1.0009933 0.0013240044 1.0015682853665364 1.0 1.0 1.0 1.0015682853665364 -0.0005750335659993056
2460794.477127999 0.075 0.0 1.0010993 0.0013243263 1.001568198694045 1.0 1.0 1.0 1.001568198694045 -0.0004688506258077041
2460794.478516824 0.075 0.0 0.99940604 0.0013242537 1.0015681120215825 1.0 1.0 1.0 1.0015681120215825 -0.002162072306769236
2460794.4799056496 0.075 0.0 1.0020506 0.001324736 1.0015680253490908 1.0 1.0 1.0 1.0015680253490908 0.0004826128497616988
2460794.4812944746 0.075 0.0 1.00404 0.0013263448 1.0015679386766283 1.0 1.0 1.0 1.0015679386766283 0.0024720641462476767
2460794.4826833 0.075 0.0 1.0033144 0.0013249369 1.001567852004137 1.0 1.0 1.0 1.001567852004137 0.0017465238732434774
2460794.484072125 0.075 0.0 1.0021837 0.001325158 1.0015677653316744 1.0 1.0 1.0 1.0015677653316744 0.0006159104343168575
2460794.4854609505 0.075 0.0 1.0009251 0.0013237935 1.001567678659183 1.0 1.0 1.0 1.001567678659183 -0.0006426145722688847
2460794.4868497755 0.075 0.0 1.0022515 0.0013247109 1.0015675919867204 1.0 1.0 1.0 1.0015675919867204 0.0006839138650251986
2460794.4882386005 0.075 0.0 1.0005436 0.0013244336 1.0015675053142579 1.0 1.0 1.0 1.0015675053142579 -0.001023910953906304
2460794.489627426 0.075 0.0 1.0046479 0.001325476 1.0015674186417665 1.0 1.0 1.0 1.0015674186417665 0.0030804323485289498
2460794.491016251 0.075 0.0 1.0018023 0.0013242933 1.001567331969304 1.0 1.0 1.0 1.001567331969304 0.00023499327941434167
2460794.4924050765 0.075 0.0 0.9997392 0.0013243314 1.0015672452968123 1.0 1.0 1.0 1.0015672452968123 -0.0018280156177046258
2460794.4937939015 0.075 0.0 0.99988055 0.0013241088 1.0015671586243498 1.0 1.0 1.0 1.0015671586243498 -0.0016866063324796343
2460794.495182727 0.075 0.0 1.0028383 0.0013262029 1.0015670719518583 1.0 1.0 1.0 1.0015670719518583 0.0012711820230562054
2460794.496571552 0.075 0.0 1.002347 0.0013255115 1.0015669852793958 1.0 1.0 1.0 1.0015669852793958 0.0007800072132799762
2460794.497960377 0.075 0.0 1.0036552 0.001325723 1.0015668986069333 1.0 1.0 1.0 1.0015668986069333 0.00208829662927279
2460794.4993492025 0.075 0.0 1.0012718 0.0013252478 1.0015668119344419 1.0 1.0 1.0 1.0015668119344419 -0.00029496802422457336
2460794.5007380275 0.075 0.0 1.0019962 0.0013255582 1.0015667252619793 1.0 1.0 1.0 1.0015667252619793 0.00042943429154851387
2460794.502126853 0.075 0.0 1.0016855 0.0013253826 1.001566638589488 1.0 1.0 1.0 1.001566638589488 0.00011886155547058408
2460794.503515678 0.075 0.0 1.0036887 0.0013249882 1.0015665519170254 1.0 1.0 1.0 1.0015665519170254 0.0021221411295444526
2460794.504904503 0.075 0.0 1.0027151 0.0013245549 1.0015664652445628 1.0 1.0 1.0 1.0015664652445628 0.0011486455342457624
2460794.5062933285 0.075 0.0 1.0015719 0.0013246953 1.0015663785720714 1.0 1.0 1.0 1.0015663785720714 5.515119945176394e-06
2460794.5076821535 0.075 0.0 1.0014029 0.001324426 1.0015662918996089 1.0 1.0 1.0 1.0015662918996089 -0.00016343698017529107
2460794.5090709785 0.075 0.0 1.0021001 0.0013249189 1.0015662052271463 1.0 1.0 1.0 1.0015662052271463 0.0005339048268697688
2460794.510459804 0.075 0.0 1.0002481 0.0013239948 1.0015661185546547 1.0 1.0 1.0 1.0015661185546547 -0.0013180440230995405
2460794.511848629 0.075 0.0 1.0008818 0.0013244494 1.0015660318821924 1.0 1.0 1.0 1.0015660318821924 -0.0006842407673852691
2460794.513237454 0.075 0.0 1.0007279 0.0013241374 1.0015659452097299 1.0 1.0 1.0 1.0015659452097299 -0.0008380532877327873
2460794.5146262795 0.075 0.0 1.0016571 0.0013248501 1.0015658585372382 1.0 1.0 1.0 1.0015658585372382 9.126979680718073e-05
2460794.5160151045 0.075 0.0 1.0012338 0.0013240942 1.001565771864776 1.0 1.0 1.0 1.001565771864776 -0.0003319557179253252
2460794.5174039295 0.075 0.0 1.0007018 0.0013247207 1.0015656851923134 1.0 1.0 1.0 1.0015656851923134 -0.0008639001047279216
2460794.518792755 0.075 0.0 1.0010056 0.0013242812 1.0015655985198217 1.0 1.0 1.0 1.0015655985198217 -0.000559948953171352
2460794.52018158 0.075 0.0 1.0027722 0.001325108 1.0015655118473594 1.0 1.0 1.0 1.0015655118473594 0.0012067001811439937
2460794.521570405 0.075 0.0 1.0027398 0.0013252539 1.0015654251748969 1.0 1.0 1.0 1.0015654251748969 0.0011743619268487215
2460794.52295923 0.075 0.0 1.0008236 0.0013249569 1.0015653385024343 1.0 1.0 1.0 1.0015653385024343 -0.0007417215209279959
2460794.5243480555 0.075 0.0 1.0011567 0.0013244315 1.001565251829943 1.0 1.0 1.0 1.001565251829943 -0.00040856409343170697
2460794.5257368805 0.075 0.0 1.0005838 0.0013237356 1.0015651651574804 1.0 1.0 1.0 1.0015651651574804 -0.0009813972665502213
2460794.5271257055 0.075 0.0 1.002833 0.0013254249 1.0015650784850179 1.0 1.0 1.0 1.0015650784850179 0.0012679302811564597
2460794.528514531 0.075 0.0 0.99956065 0.0013239899 1.0015649918125265 1.0 1.0 1.0 1.0015649918125265 -0.002004337649165855
2460794.529903356 0.075 0.0 0.9977262 0.0013227873 1.001564905140064 1.0 1.0 1.0 1.001564905140064 -0.003838703128955512
2460794.531292181 0.075 0.0 1.002394 0.0013251785 1.0015648184676014 1.0 1.0 1.0 1.0015648184676014 0.0008291424851574192
2460794.532681006 0.075 0.0 1.0028138 0.0013250484 1.0015647317951388 1.0 1.0 1.0 1.0015647317951388 0.001249084275417811
2460794.5340698315 0.075 0.0 1.0008663 0.0013245111 1.0015646451226474 1.0 1.0 1.0 1.0015646451226474 -0.000698351215481896
2460794.5354586565 0.075 0.0 1.0009367 0.0013248377 1.0015645584501849 1.0 1.0 1.0 1.0015645584501849 -0.000627811852894844
2460794.5368474815 0.075 0.0 1.0001134 0.0013254763 1.0015644717777223 1.0 1.0 1.0 1.0015644717777223 -0.0014511037433595497
2460794.5382363065 0.075 0.0 1.001617 0.0013245769 1.00156438510526 1.0 1.0 1.0 1.00156438510526 5.2569698206772486e-05
2460794.539625132 0.075 0.0 1.0018907 0.0013246293 1.0015642984327684 1.0 1.0 1.0 1.0015642984327684 0.00032636089950699443
2460794.541013957 0.075 0.0 0.99868774 0.0013240646 1.0015642117603059 1.0 1.0 1.0 1.0015642117603059 -0.002876467619680856
2460794.542402782 0.075 0.0 1.0020875 0.0013245733 1.0015641250878435 1.0 1.0 1.0 1.0015641250878435 0.0005233487814801929
2460794.543791607 0.075 0.0 1.0009681 0.0013253166 1.001564038415381 1.0 1.0 1.0 1.001564038415381 -0.0005959397749391027
2460794.545180432 0.075 0.0 0.9989992 0.0013239243 1.0015639517429185 1.0 1.0 1.0 1.0015639517429185 -0.002564773333342041
2460794.5465692575 0.075 0.0 1.0012288 0.0013242435 1.001563865070427 1.0 1.0 1.0 1.001563865070427 -0.00033505571373759757
2460794.5479580825 0.075 0.0 1.0032557 0.0013254874 1.0015637783979645 1.0 1.0 1.0 1.0015637783979645 0.0016919465089568764
2460794.5493469075 0.075 0.0 0.9995473 0.0013236669 1.001563691725502 1.0 1.0 1.0 1.001563691725502 -0.002016389002571062
2460794.5507357325 0.075 0.0 1.0023588 0.0013262528 1.0015636050530394 1.0 1.0 1.0 1.0015636050530394 0.0007951891593018789
2460794.5521245576 0.075 0.0 1.0006748 0.0013247468 1.0015635183805771 1.0 1.0 1.0 1.0015635183805771 -0.0008886745924301387
2460794.5535133826 0.075 0.0 1.0031146 0.0013251348 1.0015634317081146 1.0 1.0 1.0 1.0015634317081146 0.0015511493999786907
2460794.554902208 0.075 0.0 0.99890924 0.0013232048 1.001563345035623 1.0 1.0 1.0 1.001563345035623 -0.0026541100350125912
2460794.556291033 0.075 0.0 1.003063 0.001325592 1.0015632583631606 1.0 1.0 1.0 1.0015632583631606 0.001499705122557149
2460794.557679858 0.075 0.0 1.0000236 0.0013241685 1.001563171690698 1.0 1.0 1.0 1.001563171690698 -0.0015395682513670295
2460794.559068683 0.075 0.0 0.9989147 0.0013241192 1.0015630850182355 1.0 1.0 1.0 1.0015630850182355 -0.0026483663903058563
2460794.560457508 0.075 0.0 1.0024445 0.0013257028 1.0015629983457732 1.0 1.0 1.0 1.0015629983457732 0.0008815073457550948
2460794.561846333 0.075 0.0 1.0020394 0.0013252582 1.0015629116733107 1.0 1.0 1.0 1.0015629116733107 0.0004765208523240805
2460794.563235158 0.075 0.0 1.0014944 0.0013247125 1.0015628250008481 1.0 1.0 1.0 1.0015628250008481 -6.841734703955105e-05
2460794.5646239836 0.075 0.0 1.0035309 0.0013248989 1.0015627383283567 1.0 1.0 1.0 1.0015627383283567 0.001968121618847851
2460794.5660128086 0.075 0.0 1.0015056 0.0013247873 1.0015626516558942 1.0 1.0 1.0 1.0015626516558942 -5.703832886783111e-05
2460794.5674016336 0.075 0.0 1.0032333 0.0013251861 1.0015625649834317 1.0 1.0 1.0 1.0015625649834317 0.001670748577054182
2460794.5687904586 0.075 0.0 1.0035939 0.0013253241 1.0015624783109691 1.0 1.0 1.0 1.0015624783109691 0.0020314433504078355
2460794.5701792836 0.075 0.0 1.0012026 0.0013246808 1.0015623916385068 1.0 1.0 1.0 1.0015623916385068 -0.00035980832551851805
2460794.5715681086 0.075 0.0 1.0025371 0.0013254894 1.0015623049660443 1.0 1.0 1.0 1.0015623049660443 0.0009748263434650184
2460794.5729569336 0.075 0.0 1.0010134 0.0013240987 1.0015622182935817 1.0 1.0 1.0 1.0015622182935817 -0.0005488201231105272
2460794.5743457587 0.075 0.0 1.0022504 0.0013248349 1.0015621316211194 1.0 1.0 1.0 1.0015621316211194 0.0006883013470202481
2460794.5757345837 0.075 0.0 1.001953 0.0013249445 1.0015620449486569 1.0 1.0 1.0 1.0015620449486569 0.0003909608420535893
2460794.5771234087 0.075 0.0 1.0010079 0.0013246996 1.0015619582761943 1.0 1.0 1.0 1.0015619582761943 -0.0005540437330424641
2460794.5785122337 0.075 0.0 1.0019174 0.0013250991 1.0015618716037318 1.0 1.0 1.0 1.0015618716037318 0.0003554906094029864
2460794.579901059 0.075 0.0 1.0036262 0.0013262628 1.0015617849312404 1.0 1.0 1.0 1.0015617849312404 0.0020644424476048417
2460794.581289884 0.075 0.0 1.0012503 0.001324592 1.0015616982587778 1.0 1.0 1.0 1.0015616982587778 -0.000311431229969239
2460794.582678709 0.075 0.0 1.0001487 0.0013242273 1.0015616115863153 1.0 1.0 1.0 1.0015616115863153 -0.0014129576022454682
2460794.584067534 0.075 0.0 1.0025089 0.001325077 1.001561524913853 1.0 1.0 1.0 1.001561524913853 0.0009473537940327681
2460794.585456359 0.075 0.0 1.0016512 0.0013250831 1.0015614382413904 1.0 1.0 1.0 1.0015614382413904 8.972962817743735e-05
2460794.586845184 0.075 0.0 1.0001395 0.0013243946 1.001561351568928 1.0 1.0 1.0 1.001561351568928 -0.0014218767001534793
2460794.588234009 0.075 0.0 1.0000353 0.0013235031 1.0015612648964654 1.0 1.0 1.0 1.0015612648964654 -0.0015259789467583218
2460794.589622834 0.075 0.0 1.0004536 0.0013242343 1.001561178224003 1.0 1.0 1.0 1.001561178224003 -0.001107586877262312
2460794.5910116592 0.075 0.0 0.9996189 0.0013234703 1.0015610915515405 1.0 1.0 1.0 1.0015610915515405 -0.001942203650234342
2460794.5924004843 0.075 0.0 1.0007946 0.0013243494 1.001561004879078 1.0 1.0 1.0 1.001561004879078 -0.0007663557549324462
2460794.5937893093 0.075 0.0 1.0017551 0.0013247214 1.0015609182066156 1.0 1.0 1.0 1.0015609182066156 0.0001942001634405166
