1-transit analysis/LC/wasp-107b/tess/6/S5_wasp-107b_ap5_bg11_Table_Save_ch0.txt
# %ECSV 1.0
# ---
# datatype:
# - {name: time, datatype: float64}
# - {name: wavelength, datatype: float64}
# - {name: bin_width, datatype: float64}
# - {name: lcdata, datatype: float32}
# - {name: lcerr, datatype: float32}
# - {name: polynomial, datatype: float64}
# - {name: ypos, datatype: float64}
# - {name: ywidth, datatype: float64}
# - {name: astrophysical model, datatype: float64}
# - {name: model, datatype: float64}
# - {name: residuals, datatype: float64}
# schema: astropy-2.0
time wavelength bin_width lcdata lcerr polynomial ypos ywidth "astrophysical model" model residuals
[from data line 250]
2460776.9776556785 0.075 0.0 1.0035597 0.0012788211 1.0033334071222795 1.0 1.0 1.0 1.0033334071222795 0.00022630147299640413
2460776.979044545 0.075 0.0 1.0023615 0.0012782349 1.0033328142198823 1.0 1.0 1.0 1.0033328142198823 -0.0009712781938813198
2460776.9804334114 0.075 0.0 1.0031092 0.0012787614 1.0033322213174851 1.0 1.0 1.0 1.0033322213174851 -0.0002230046274216413
2460776.981822278 0.075 0.0 1.0025804 0.0012774263 1.003331628415088 1.0 1.0 1.0 1.003331628415088 -0.0007512241334717285
2460776.9832111443 0.075 0.0 1.0016677 0.0012781246 1.003331035512691 1.0 1.0 1.0 1.003331035512691 -0.0016632975518755533
2460776.9846000103 0.075 0.0 1.0008509 0.0012775676 1.0033304426104925 1.0 1.0 1.0 1.0033304426104925 -0.002479526701679058
2460776.985988877 0.075 0.0 1.0032358 0.0012780508 1.0033298497080954 1.0 1.0 1.0 1.0033298497080954 -9.403275252894971e-05
2460776.9873777432 0.075 0.0 1.0018479 0.0012771887 1.0033292568056984 1.0 1.0 1.0 1.0033292568056984 -0.0014813936083717394
2460776.9887666097 0.075 0.0 1.0046502 0.0012788104 1.0033286639033012 1.0 1.0 1.0 1.0033286639033012 0.0013215712727852047
2460776.9901554757 0.075 0.0 1.0045193 0.001277945 1.0033280710011028 1.0 1.0 1.0 1.0033280710011028 0.0011912723750568954
2460776.991544342 0.075 0.0 1.0026424 0.0012783781 1.0033274780987058 1.0 1.0 1.0 1.0033274780987058 -0.0006850849865231989
2460776.9929332086 0.075 0.0 1.0022733 0.0012771451 1.0033268851963086 1.0 1.0 1.0 1.0033268851963086 -0.0010535640445752392
2460776.9943220746 0.075 0.0 1.0046862 0.0012782092 1.0033262922941102 1.0 1.0 1.0 1.0033262922941102 0.0013599440874205726
2460776.995710941 0.075 0.0 1.0027492 0.0012782264 1.0033256993917132 1.0 1.0 1.0 1.0033256993917132 -0.0005764947560931155
2460776.9970998075 0.075 0.0 1.0008194 0.0012774054 1.003325106489316 1.0 1.0 1.0 1.003325106489316 -0.002505661832943984
2460776.9984886735 0.075 0.0 1.0039107 0.0012785705 1.0033245135871176 1.0 1.0 1.0 1.0033245135871176 0.0005861471565957732
2460776.99987754 0.075 0.0 1.0038853 0.0012782852 1.0033239206847206 1.0 1.0 1.0 1.0033239206847206 0.0005613484803184132
2460777.001266406 0.075 0.0 1.0036789 0.0012777187 1.0033233277825222 1.0 1.0 1.0 1.0033233277825222 0.0003555901023044594
2460777.0026552724 0.075 0.0 1.0037794 0.0012782045 1.003322734880125 1.0 1.0 1.0 1.003322734880125 0.0004566764357929465
2460777.0040441384 0.075 0.0 1.0019037 0.0012773095 1.0033221419779268 1.0 1.0 1.0 1.0033221419779268 -0.00141848883309037
2460777.005433005 0.075 0.0 1.0032783 0.0012783194 1.0033215490755296 1.0 1.0 1.0 1.0033215490755296 -4.329361288313294e-05
2460777.0068218713 0.075 0.0 1.0030912 0.001278727 1.0033209561731324 1.0 1.0 1.0 1.0033209561731324 -0.00022974008579113026
2460777.0082107373 0.075 0.0 1.0023941 0.0012777665 1.0033203632709342 1.0 1.0 1.0 1.0033203632709342 -0.0009262831088858725
2460777.0095996037 0.075 0.0 1.0023761 0.0012773607 1.003319770368537 1.0 1.0 1.0 1.003319770368537 -0.000943690809210862
2460777.0109884697 0.075 0.0 1.0009866 0.0012770734 1.0033191774663388 1.0 1.0 1.0 1.0033191774663388 -0.0023326013860165418
2460777.012377336 0.075 0.0 1.0038822 0.0012780251 1.0033185845639416 1.0 1.0 1.0 1.0033185845639416 0.0005635851595691133
2460777.013766202 0.075 0.0 1.0039643 0.0012782906 1.0033179916617432 1.0 1.0 1.0 1.0033179916617432 0.0006463132622680501
2460777.015155068 0.075 0.0 1.0028676 0.001277993 1.003317398759545 1.0 1.0 1.0 1.003317398759545 -0.0004498192994009109
2460777.0165439346 0.075 0.0 1.0020089 0.0012775811 1.0033168058571478 1.0 1.0 1.0 1.0033168058571478 -0.0013078909096380098
2460777.0179328006 0.075 0.0 1.0040429 0.0012785606 1.0033162129549495 1.0 1.0 1.0 1.0033162129549495 0.0007266508908756464
2460777.019321667 0.075 0.0 1.0051929 0.0012783785 1.0033156200525524 1.0 1.0 1.0 1.0033156200525524 0.0018772558095692116
2460777.020710533 0.075 0.0 1.00355 0.0012781981 1.0033150271503541 1.0 1.0 1.0 1.0033150271503541 0.00023502549246812166
2460777.022099399 0.075 0.0 1.0047108 0.0012791794 1.0033144342481557 1.0 1.0 1.0 1.0033144342481557 0.0013963592470225272
2460777.0234882655 0.075 0.0 1.0042566 0.0012779523 1.0033138413457585 1.0 1.0 1.0 1.0033138413457585 0.0009427647562312291
2460777.0248771315 0.075 0.0 1.0025116 0.0012778275 1.0033132484435603 1.0 1.0 1.0 1.0033132484435603 -0.0008016279220148803
2460777.0262659974 0.075 0.0 1.0027943 0.0012775721 1.0033126555413618 1.0 1.0 1.0 1.0033126555413618 -0.0005183897942915294
2460777.027654864 0.075 0.0 1.0025188 0.0012783374 1.0033120626389649 1.0 1.0 1.0 1.0033120626389649 -0.0007932895600464285
2460777.02904373 0.075 0.0 1.003604 0.0012783151 1.0033114697367664 1.0 1.0 1.0 1.0033114697367664 0.00029258471422233256
2460777.030432596 0.075 0.0 1.0032893 0.0012783449 1.0033108768345682 1.0 1.0 1.0 1.0033108768345682 -2.1534907993503438e-05
2460777.0318214623 0.075 0.0 1.0007893 0.0012774984 1.003310283932171 1.0 1.0 1.0 1.003310283932171 -0.0025209992260553094
2460777.0332103283 0.075 0.0 1.0029615 0.0012772408 1.0033096910299726 1.0 1.0 1.0 1.0033096910299726 -0.00034817464966252487
2460777.0345991943 0.075 0.0 1.0039468 0.0012784515 1.0033090981277744 1.0 1.0 1.0 1.0033090981277744 0.0006376830306729087
2460777.0359880603 0.075 0.0 1.0048122 0.0012790004 1.003308505225576 1.0 1.0 1.0 1.003308505225576 0.001503735375010029
2460777.0373769267 0.075 0.0 1.0015938 0.0012773935 1.003307912323179 1.0 1.0 1.0 1.003307912323179 -0.0017140841218850067
2460777.0387657927 0.075 0.0 1.0055258 0.001278454 1.0033073194209805 1.0 1.0 1.0 1.0033073194209805 0.0022185079868564106
2460777.0401546587 0.075 0.0 1.001576 0.0012776791 1.0033067265187823 1.0 1.0 1.0 1.0033067265187823 -0.0017307797109209488
2460777.0415435247 0.075 0.0 1.0030508 0.0012778401 1.0033061336165838 1.0 1.0 1.0 1.0033061336165838 -0.0002553294784002347
2460777.0429323907 0.075 0.0 1.0027332 0.0012765058 1.0033055407143856 1.0 1.0 1.0 1.0033055407143856 -0.0005723101235652894
2460777.0443212567 0.075 0.0 1.0039911 0.0012786159 1.0033049478121872 1.0 1.0 1.0 1.0033049478121872 0.0006861792019730029
2460777.045710123 0.075 0.0 1.0044397 0.0012787399 1.0033043549097902 1.0 1.0 1.0 1.0033043549097902 0.0011353566609495491
2460777.047098989 0.075 0.0 1.0017395 0.0012779048 1.0033037620075917 1.0 1.0 1.0 1.0033037620075917 -0.0015642600544667484
2460777.048487855 0.075 0.0 1.002545 0.0012779027 1.0033031691053935 1.0 1.0 1.0 1.0033031691053935 -0.000758169982773893
2460777.049876721 0.075 0.0 1.0015184 0.00127727 1.003302576203195 1.0 1.0 1.0 1.003302576203195 -0.0017842074821867726
2460777.051265587 0.075 0.0 1.0037937 0.0012788231 1.0033019833009968 1.0 1.0 1.0 1.0033019833009968 0.0004917331296672156
2460777.052654453 0.075 0.0 1.0035274 0.0012780272 1.0033013903987984 1.0 1.0 1.0 1.0033013903987984 0.00022601247900921884
2460777.054043319 0.075 0.0 1.0041829 0.0012788972 1.0033007974966002 1.0 1.0 1.0 1.0033007974966002 0.0008821372644471914
2460777.055432185 0.075 0.0 1.0034889 0.0012774946 1.0033002045944017 1.0 1.0 1.0 1.0033002045944017 0.00018869368288099153
2460777.056821051 0.075 0.0 1.0042888 0.0012785044 1.0032996116922035 1.0 1.0 1.0 1.0032996116922035 0.0009891809179649602
2460777.058209917 0.075 0.0 1.0033951 0.0012785055 1.003299018790005 1.0 1.0 1.0 1.003299018790005 9.606177640120173e-05
2460777.059598783 0.075 0.0 1.0027515 0.0012775881 1.0032984258878068 1.0 1.0 1.0 1.0032984258878068 -0.0005469562756852397
2460777.060987649 0.075 0.0 1.0030944 0.001277829 1.0032978329856084 1.0 1.0 1.0 1.0032978329856084 -0.00020339824744919355
2460777.062376515 0.075 0.0 1.0023949 0.0012774039 1.0032972400834101 1.0 1.0 1.0 1.0032972400834101 -0.0009023254563349514
2460777.063765381 0.075 0.0 1.0039457 0.0012786726 1.0032966471812117 1.0 1.0 1.0 1.0032966471812117 0.0006490610936296104
2460777.065154247 0.075 0.0 1.0038991 0.0012796005 1.0032960542790135 1.0 1.0 1.0 1.0032960542790135 0.0006030431636134814
2460777.066543113 0.075 0.0 1.0026768 0.001277634 1.003295461376815 1.0 1.0 1.0 1.003295461376815 -0.0006186167799522302
2460777.067931979 0.075 0.0 1.004472 0.0012795157 1.0032948684746168 1.0 1.0 1.0 1.0032948684746168 0.0011771488135912112
2460777.069320845 0.075 0.0 1.002874 0.00127767 1.0032942755724183 1.0 1.0 1.0 1.0032942755724183 -0.00042025881063856296
2460777.0707097105 0.075 0.0 1.0024744 0.001278222 1.0032936826704189 1.0 1.0 1.0 1.0032936826704189 -0.0008192554472132851
2460777.0720985765 0.075 0.0 1.0050784 0.0012784104 1.0032930897682206 1.0 1.0 1.0 1.0032930897682206 0.001785345175932207
2460777.0734874425 0.075 0.0 1.0037528 0.0012791182 1.0032924968660222 1.0 1.0 1.0 1.0032924968660222 0.000460330778325968
2460777.0748763084 0.075 0.0 1.0035625 0.0012780832 1.003291903963824 1.0 1.0 1.0 1.003291903963824 0.00027054644511159687
2460777.0762651744 0.075 0.0 1.0035486 0.0012783014 1.0032913110616255 1.0 1.0 1.0 1.0032913110616255 0.0002573110697221548
2460777.0776540404 0.075 0.0 1.0032678 0.0012780427 1.0032907181594273 1.0 1.0 1.0 1.0032907181594273 -2.2953114261259344e-05
2460777.079042906 0.075 0.0 1.0034407 0.0012778187 1.0032901252574278 1.0 1.0 1.0 1.0032901252574278 0.00015061246687642083
2460777.080431772 0.075 0.0 1.004635 0.0012785716 1.0032895323552293 1.0 1.0 1.0 1.0032895323552293 0.001345444031794596
2460777.081820638 0.075 0.0 1.0062432 0.0012792238 1.003288939453031 1.0 1.0 1.0 1.003288939453031 0.0029542894593224123
2460777.083209504 0.075 0.0 1.0027243 0.001277959 1.0032883465508327 1.0 1.0 1.0 1.0032883465508327 -0.0005640566567286509
2460777.0845983694 0.075 0.0 1.0039066 0.0012788195 1.0032877536488332 1.0 1.0 1.0 1.0032877536488332 0.0006188539790354941
2460777.0859872354 0.075 0.0 1.0026722 0.0012779316 1.0032871607466347 1.0 1.0 1.0 1.0032871607466347 -0.0006149653120643972
2460777.0873761014 0.075 0.0 1.0031431 0.0012776008 1.0032865678444365 1.0 1.0 1.0 1.0032865678444365 -0.00014349571614058476
2460777.0887649674 0.075 0.0 1.0047462 0.0012783002 1.003285974942238 1.0 1.0 1.0 1.003285974942238 0.00146022371193677
2460777.090153833 0.075 0.0 1.0047994 0.0012794011 1.0032853820402385 1.0 1.0 1.0 1.0032853820402385 0.001513983957075915
2460777.091542699 0.075 0.0 1.0033568 0.0012787463 1.0032847891380403 1.0 1.0 1.0 1.0032847891380403 7.202524642013763e-05
2460777.092931565 0.075 0.0 1.0032616 0.0012787195 1.0032841962358419 1.0 1.0 1.0 1.0032841962358419 -2.2630073732488043e-05
2460777.0943204304 0.075 0.0 1.0027833 0.001277767 1.0032836033338424 1.0 1.0 1.0 1.0032836033338424 -0.0005003048414107258
2460777.0957092964 0.075 0.0 1.004426 0.0012793632 1.0032830104316441 1.0 1.0 1.0 1.0032830104316441 0.0011429920707972663
2460777.097098162 0.075 0.0 1.0034926 0.0012780706 1.0032824175296444 1.0 1.0 1.0 1.0032824175296444 0.0002101762356143677
2460777.098487028 0.075 0.0 1.0059024 0.0012796115 1.0032818246274462 1.0 1.0 1.0 1.0032818246274462 0.002620584926081637
2460777.099875894 0.075 0.0 1.0026441 0.0012780458 1.0032812317252477 1.0 1.0 1.0 1.0032812317252477 -0.0006371696830114182
2460777.1012647594 0.075 0.0 1.0045669 0.0012787142 1.0032806388232482 1.0 1.0 1.0 1.0032806388232482 0.00128626905944218
2460777.1026536254 0.075 0.0 1.0020851 0.0012775459 1.00328004592105 1.0 1.0 1.0 1.00328004592105 -0.0011949562375173084
2460777.104042491 0.075 0.0 1.0046127 0.0012787293 1.0032794530190505 1.0 1.0 1.0 1.0032794530190505 0.001333231230827403
2460777.105431357 0.075 0.0 1.003207 0.0012778769 1.003278860116852 1.0 1.0 1.0 1.003278860116852 -7.189180935696093e-05
2460777.1068202225 0.075 0.0 1.0055778 0.0012787024 1.0032782672148526 1.0 1.0 1.0 1.0032782672148526 0.002299535443228473
2460777.1082090884 0.075 0.0 1.0013543 0.0012776405 1.0032776743126541 1.0 1.0 1.0 1.0032776743126541 -0.0019233375740677072
2460777.109597954 0.075 0.0 1.0038542 0.001278377 1.0032770814106546 1.0 1.0 1.0 1.0032770814106546 0.0005770741298116722
2460777.11098682 0.075 0.0 1.0023844 0.0012776351 1.0032764885084564 1.0 1.0 1.0 1.0032764885084564 -0.0008920642988616834
2460777.1123756855 0.075 0.0 1.0031406 0.0012783837 1.0032758956064567 1.0 1.0 1.0 1.0032758956064567 -0.00013532687324135928
2460777.1137645515 0.075 0.0 1.002641 0.0012775953 1.0032753027042585 1.0 1.0 1.0 1.0032753027042585 -0.000634340103550457
2460777.115153417 0.075 0.0 1.0027249 0.0012784435 1.003274709802259 1.0 1.0 1.0 1.003274709802259 -0.0005498238617072104
2460777.116542283 0.075 0.0 1.0031888 0.0012782415 1.0032741169000605 1.0 1.0 1.0 1.0032741169000605 -8.526840457712126e-05
2460777.1179311485 0.075 0.0 1.0041561 0.0012785892 1.003273523998061 1.0 1.0 1.0 1.003273523998061 0.0008825886728374144
2460777.119320014 0.075 0.0 1.0034028 0.0012775635 1.0032729310960615 1.0 1.0 1.0 1.0032729310960615 0.00012989807416552424
2460777.12070888 0.075 0.0 1.0043573 0.0012783512 1.003272338193863 1.0 1.0 1.0 1.003272338193863 0.0010849997577970782
2460777.1220977455 0.075 0.0 1.0042986 0.0012792585 1.0032717452918636 1.0 1.0 1.0 1.0032717452918636 0.0010268224800480397
2460777.123486611 0.075 0.0 1.0078638 0.0012792479 1.003271152389864 1.0 1.0 1.0 1.003271152389864 0.004592607604642751
2460777.124875477 0.075 0.0 1.0034525 0.0012787476 1.0032705594876656 1.0 1.0 1.0 1.0032705594876656 0.00018197995630409025
2460777.1262643426 0.075 0.0 1.0033625 0.0012787551 1.0032699665856661 1.0 1.0 1.0 1.0032699665856661 9.256984469274698e-05
2460777.127653208 0.075 0.0 1.0005518 0.0012770444 1.0032693736836666 1.0 1.0 1.0 1.0032693736836666 -0.0027175538823360768
2460777.129042074 0.075 0.0 1.0039103 0.0012784614 1.0032687807814684 1.0 1.0 1.0 1.0032687807814684 0.0006415223343763099
2460777.1304309396 0.075 0.0 1.001589 0.001277688 1.0032681878794687 1.0 1.0 1.0 1.0032681878794687 -0.0016792472590463348
2460777.131819805 0.075 0.0 1.004005 0.0012787505 1.0032675949774692 1.0 1.0 1.0 1.0032675949774692 0.0007373603142788454
2460777.1332086707 0.075 0.0 1.0024195 0.0012782401 1.0032670020754697 1.0 1.0 1.0 1.0032670020754697 -0.0008475303347470486
2460777.1345975366 0.075 0.0 1.0034969 0.0012785699 1.0032664091732713 1.0 1.0 1.0 1.0032664091732713 0.00023047612641136084
2460777.135986402 0.075 0.0 1.0058838 0.0012796364 1.0032658162712718 1.0 1.0 1.0 1.0032658162712718 0.0026179966330861504
2460777.1373752677 0.075 0.0 1.0035974 0.0012792456 1.0032652233692723 1.0 1.0 1.0 1.0032652233692723 0.0003321553615016626
2460777.138764133 0.075 0.0 1.0015563 0.0012776484 1.0032646304672728 1.0 1.0 1.0 1.0032646304672728 -0.0017083531921873174
2460777.140152999 0.075 0.0 1.0016847 0.0012776161 1.0032640375650743 1.0 1.0 1.0 1.0032640375650743 -0.0015793718851426775
2460777.1415418647 0.075 0.0 1.0033065 0.0012783114 1.0032634446630748 1.0 1.0 1.0 1.0032634446630748 4.3063401195198026e-05
2460777.1429307302 0.075 0.0 1.0028979 0.0012790592 1.0032628517610753 1.0 1.0 1.0 1.0032628517610753 -0.0003649931413853835
2460777.144319596 0.075 0.0 1.0042502 0.0012791349 1.0032622588590758 1.0 1.0 1.0 1.0032622588590758 0.0009879099412781756
2460777.1457084613 0.075 0.0 1.0027875 0.0012789321 1.003261665957076 1.0 1.0 1.0 1.003261665957076 -0.00047419513951019177
2460777.147097327 0.075 0.0 1.0026174 0.001277526 1.0032610730550766 1.0 1.0 1.0 1.0032610730550766 -0.00064371389369966
2460777.1484861923 0.075 0.0 1.0044346 0.001278096 1.0032604801530771 1.0 1.0 1.0 1.0032604801530771 0.001174105418211946
2460777.149875058 0.075 0.0 1.0002537 0.0012765268 1.0032598872510776 1.0 1.0 1.0 1.0032598872510776 -0.0030062098829135575
2460777.151263924 0.075 0.0 1.0040368 0.0012786774 1.0032592943488792 1.0 1.0 1.0 1.0032592943488792 0.000777489823178934
2460777.1526527894 0.075 0.0 1.0046122 0.0012792872 1.0032587014468797 1.0 1.0 1.0 1.0032587014468797 0.0013535059658400517
2460777.154041655 0.075 0.0 1.0014092 0.0012779363 1.0032581085448802 1.0 1.0 1.0 1.0032581085448802 -0.0018489355331003932
2460777.1554305204 0.075 0.0 1.00375 0.001278341 1.0032575156428807 1.0 1.0 1.0 1.0032575156428807 0.000492450978518244
