1-transit analysis/LC/wasp-107b/tess/6/S5_wasp-107b_ap5_bg11_Table_Save_ch0.txt
# %ECSV 1.0
# ---
# datatype:
# - {name: time, datatype: float64}
# - {name: wavelength, datatype: float64}
# - {name: bin_width, datatype: float64}
# - {name: lcdata, datatype: float32}
# - {name: lcerr, datatype: float32}
# - {name: polynomial, datatype: float64}
# - {name: ypos, datatype: float64}
# - {name: ywidth, datatype: float64}
# - {name: astrophysical model, datatype: float64}
# - {name: model, datatype: float64}
# - {name: residuals, datatype: float64}
# schema: astropy-2.0
time wavelength bin_width lcdata lcerr polynomial ypos ywidth "astrophysical model" model residuals
[from data line 380]
2460777.1582082515 0.075 0.0 1.0026813 0.0012780171 1.0032563298388815 1.0 1.0 1.0 1.0032563298388815 -0.0005750744983052947
2460777.159597117 0.075 0.0 1.002366 0.0012780875 1.003255736936882 1.0 1.0 1.0 1.003255736936882 -0.0008897901671676145
2460777.1609859825 0.075 0.0 1.0041502 0.0012781584 1.0032551440348825 1.0 1.0 1.0 1.0032551440348825 0.000895008171538425
2460777.162374848 0.075 0.0 1.0039161 0.0012787976 1.003254551132883 1.0 1.0 1.0 1.003254551132883 0.000661593238149738
2460777.1637637136 0.075 0.0 1.0051856 0.0012783046 1.0032539582308833 1.0 1.0 1.0 1.0032539582308833 0.0019316458645757262
2460777.165152579 0.075 0.0 1.0019836 0.0012779911 1.0032533653288838 1.0 1.0 1.0 1.0032533653288838 -0.0012697227507587616
2460777.166541444 0.075 0.0 1.0017486 0.0012782518 1.003252772427083 1.0 1.0 1.0 1.003252772427083 -0.0015042105679521356
2460777.1679303097 0.075 0.0 1.0022494 0.001277823 1.0032521795250835 1.0 1.0 1.0 1.0032521795250835 -0.001002819440549807
2460777.169319175 0.075 0.0 1.0057942 0.0012793604 1.003251586623084 1.0 1.0 1.0 1.003251586623084 0.002542580895531721
2460777.1707080407 0.075 0.0 1.0041867 0.001278435 1.0032509937210845 1.0 1.0 1.0 1.0032509937210845 0.000935755737228483
2460777.172096906 0.075 0.0 1.0075259 0.0012800621 1.0032504008190848 1.0 1.0 1.0 1.0032504008190848 0.004275520048835135
2460777.1734857718 0.075 0.0 1.0018295 0.0012774408 1.0032498079170853 1.0 1.0 1.0 1.0032498079170853 -0.0014203029503494502
2460777.1748746373 0.075 0.0 1.0046065 0.0012787208 1.0032492150150858 1.0 1.0 1.0 1.0032492150150858 0.0013572703517354956
2460777.176263503 0.075 0.0 1.00539 0.0012794612 1.0032486221130863 1.0 1.0 1.0 1.0032486221130863 0.0021414259139522773
2460777.177652368 0.075 0.0 1.0035591 0.0012788331 1.0032480292112855 1.0 1.0 1.0 1.0032480292112855 0.00031108333754259476
2460777.1790412334 0.075 0.0 1.0016637 0.0012775394 1.003247436309286 1.0 1.0 1.0 1.003247436309286 -0.0015837514643153305
2460777.180430099 0.075 0.0 1.0050272 0.0012794662 1.0032468434072863 1.0 1.0 1.0 1.0032468434072863 0.001780331542359681
2460777.1818189644 0.075 0.0 1.0048105 0.0012788199 1.0032462505052868 1.0 1.0 1.0 1.0032462505052868 0.0015642019559558573
2460777.18320783 0.075 0.0 1.0018171 0.0012779048 1.0032456576032873 1.0 1.0 1.0 1.0032456576032873 -0.0014285504026647633
2460777.184596695 0.075 0.0 1.0024364 0.0012781735 1.0032450647014866 1.0 1.0 1.0 1.0032450647014866 -0.000808665241647688
2460777.1859855605 0.075 0.0 1.0022252 0.0012771639 1.003244471799487 1.0 1.0 1.0 1.003244471799487 -0.0010193112007321758
2460777.187374426 0.075 0.0 1.0020784 0.0012777646 1.0032438788974876 1.0 1.0 1.0 1.0032438788974876 -0.001165464934169691
2460777.188763291 0.075 0.0 1.0045711 0.0012789828 1.0032432859956868 1.0 1.0 1.0 1.0032432859956868 0.0013277942121379116
2460777.1901521566 0.075 0.0 1.0033535 0.0012786676 1.003242693093687 1.0 1.0 1.0 1.003242693093687 0.00011078343066595053
2460777.191541022 0.075 0.0 1.004283 0.0012788251 1.0032421001916876 1.0 1.0 1.0 1.0032421001916876 0.0010408511632928885
2460777.1929298877 0.075 0.0 1.0041541 0.0012784352 1.003241507289688 1.0 1.0 1.0 1.003241507289688 0.0009125788232879906
2460777.1943187527 0.075 0.0 1.0035539 0.0012783876 1.0032409143878873 1.0 1.0 1.0 1.0032409143878873 0.0003129529522005736
2460777.1957076183 0.075 0.0 1.0010087 0.0012779696 1.0032403214858878 1.0 1.0 1.0 1.0032403214858878 -0.0022315724777091095
2460777.1970964833 0.075 0.0 1.0025216 0.0012778408 1.003239728584087 1.0 1.0 1.0 1.003239728584087 -0.000718094482219378
2460777.198485349 0.075 0.0 1.0044289 0.0012783086 1.0032391356820876 1.0 1.0 1.0 1.0032391356820876 0.0011897278433030678
2460777.1998742144 0.075 0.0 1.002786 0.0012776206 1.0032385427800878 1.0 1.0 1.0 1.0032385427800878 -0.00045250247399653
2460777.2012630794 0.075 0.0 1.0008353 0.0012782435 1.0032379498782873 1.0 1.0 1.0 1.0032379498782873 -0.0024026503864049698
2460777.202651945 0.075 0.0 1.002317 0.0012786697 1.0032373569762876 1.0 1.0 1.0 1.0032373569762876 -0.000920405224578591
2460777.20404081 0.075 0.0 1.0052948 0.0012786768 1.0032367640744868 1.0 1.0 1.0 1.0032367640744868 0.0020580357302006913
2460777.2054296755 0.075 0.0 1.0013266 0.0012773583 1.0032361711724873 1.0 1.0 1.0 1.0032361711724873 -0.0019096101983662184
2460777.206818541 0.075 0.0 1.0041716 0.0012788698 1.0032355782704878 1.0 1.0 1.0 1.0032355782704878 0.0009360316080522235
2460777.208207406 0.075 0.0 1.0038316 0.0012782553 1.003234985368687 1.0 1.0 1.0 1.003234985368687 0.000596639616054162
2460777.2095962716 0.075 0.0 1.0043453 0.001279369 1.0032343924666876 1.0 1.0 1.0 1.0032343924666876 0.001110905346727975
2460777.2109851367 0.075 0.0 1.0025835 0.0012783005 1.0032337995648868 1.0 1.0 1.0 1.0032337995648868 -0.0006502958417422544
2460777.212374002 0.075 0.0 1.0014615 0.0012772264 1.0032332066628873 1.0 1.0 1.0 1.0032332066628873 -0.001771700772994711
2460777.2137628673 0.075 0.0 1.0045338 0.0012787931 1.0032326137610865 1.0 1.0 1.0 1.0032326137610865 0.00130115393910879
2460777.215151733 0.075 0.0 1.002339 0.001277821 1.0032320208590868 1.0 1.0 1.0 1.0032320208590868 -0.0008930153888109249
2460777.216540598 0.075 0.0 1.0030804 0.001278222 1.0032314279572863 1.0 1.0 1.0 1.0032314279572863 -0.0001510599152940717
2460777.217929463 0.075 0.0 1.0043161 0.0012788549 1.0032308350554855 1.0 1.0 1.0 1.0032308350554855 0.0010852564819900934
2460777.2193183284 0.075 0.0 1.0038006 0.0012787924 1.0032302421534858 1.0 1.0 1.0 1.0032302421534858 0.0005703884159722339
2460777.2207071935 0.075 0.0 1.0023922 0.0012778741 1.003229649251685 1.0 1.0 1.0 1.003229649251685 -0.0008374764382694799
2460777.222096059 0.075 0.0 1.0032628 0.0012786494 1.0032290563496855 1.0 1.0 1.0 1.0032290563496855 3.3701905319372116e-05
2460777.223484924 0.075 0.0 1.0027523 0.0012777522 1.0032284634478847 1.0 1.0 1.0 1.0032284634478847 -0.00047615937073630654
2460777.224873789 0.075 0.0 1.0037359 0.001277896 1.003227870546084 1.0 1.0 1.0 1.003227870546084 0.0005080293791479562
2460777.2262626546 0.075 0.0 1.0015001 0.0012778611 1.0032272776440845 1.0 1.0 1.0 1.0032272776440845 -0.0017271479443774496
2460777.2276515197 0.075 0.0 1.0041361 0.0012781768 1.0032266847422837 1.0 1.0 1.0 1.0032266847422837 0.0009094007679701921
2460777.2290403848 0.075 0.0 1.0018289 0.0012775899 1.003226091840483 1.0 1.0 1.0 1.003226091840483 -0.0013971829201948616
2460777.2304292503 0.075 0.0 1.0006498 0.0012773878 1.0032254989384835 1.0 1.0 1.0 1.0032254989384835 -0.0025756891011421423
2460777.2318181153 0.075 0.0 1.0034124 0.0012781821 1.0032249060366827 1.0 1.0 1.0 1.0032249060366827 0.000187459876708429
2460777.2332069804 0.075 0.0 1.0039468 0.0012781676 1.003224313134882 1.0 1.0 1.0 1.003224313134882 0.000722468023565348
2460777.234595846 0.075 0.0 1.001704 0.0012782385 1.0032237202328824 1.0 1.0 1.0 1.0032237202328824 -0.0015197426480435539
2460777.235984711 0.075 0.0 1.0019231 0.0012777289 1.0032231273310817 1.0 1.0 1.0 1.0032231273310817 -0.0013000430720484513
2460777.237373576 0.075 0.0 1.0025111 0.0012782537 1.0032225344292809 1.0 1.0 1.0 1.0032225344292809 -0.0007113907448936807
2460777.238762441 0.075 0.0 1.0038368 0.0012782096 1.0032219415274801 1.0 1.0 1.0 1.0032219415274801 0.0006148094567117734
2460777.2401513066 0.075 0.0 1.0036031 0.0012787258 1.0032213486254806 1.0 1.0 1.0 1.0032213486254806 0.0003817521511917388
2460777.2415401717 0.075 0.0 1.0033172 0.0012783379 1.0032207557236799 1.0 1.0 1.0 1.0032207557236799 9.648117664973199e-05
2460777.2429290367 0.075 0.0 1.0048733 0.0012796466 1.003220162821879 1.0 1.0 1.0 1.003220162821879 0.0016531129349568463
2460777.244317902 0.075 0.0 1.0031804 0.0012781884 1.0032195699200783 1.0 1.0 1.0 1.0032195699200783 -3.9185284153031574e-05
2460777.245706767 0.075 0.0 1.0032463 0.0012777942 1.0032189770182776 1.0 1.0 1.0 1.0032189770182776 2.733035476931711e-05
2460777.247095632 0.075 0.0 1.0017545 0.0012776579 1.0032183841164768 1.0 1.0 1.0 1.0032183841164768 -0.0014638617928683928
2460777.2484844974 0.075 0.0 1.0031737 0.0012779153 1.0032177912144773 1.0 1.0 1.0 1.0032177912144773 -4.408229876684544e-05
2460777.2498733625 0.075 0.0 1.004356 0.0012784497 1.0032171983126765 1.0 1.0 1.0 1.0032171983126765 0.0011388283367985697
2460777.2512622275 0.075 0.0 1.0028036 0.0012782874 1.0032166054108758 1.0 1.0 1.0 1.0032166054108758 -0.0004130413392204879
2460777.2526510926 0.075 0.0 1.0023855 0.0012774352 1.003216012509075 1.0 1.0 1.0 1.003216012509075 -0.0008305154158743111
2460777.2540399577 0.075 0.0 1.0049626 0.0012790003 1.0032154196072742 1.0 1.0 1.0 1.0032154196072742 0.0017471439074352446
2460777.2554288227 0.075 0.0 1.0049393 0.0012792415 1.0032148267054735 1.0 1.0 1.0 1.0032148267054735 0.001724490997773609
2460777.256817688 0.075 0.0 1.0007693 0.001277209 1.0032142338036727 1.0 1.0 1.0 1.0032142338036727 -0.0024449762582015033
2460777.258206553 0.075 0.0 1.0020192 0.001277267 1.003213640901872 1.0 1.0 1.0 1.003213640901872 -0.0011944739554607953
2460777.259595418 0.075 0.0 1.000158 0.0012771346 1.0032130480000712 1.0 1.0 1.0 1.0032130480000712 -0.0030550956914163763
2460777.260984283 0.075 0.0 1.004307 0.0012781571 1.0032124550982704 1.0 1.0 1.0 1.0032124550982704 0.0010945765331993318
2460777.262373148 0.075 0.0 1.0031804 0.0012780781 1.0032118621964696 1.0 1.0 1.0 1.0032118621964696 -3.147756054433515e-05
2460777.263762013 0.075 0.0 1.0037361 0.0012784933 1.0032112692946689 1.0 1.0 1.0 1.0032112692946689 0.0005248690491421737
2460777.265150878 0.075 0.0 1.0003057 0.0012770002 1.0032106763928683 1.0 1.0 1.0 1.0032106763928683 -0.0029050237744601137
2460777.266539743 0.075 0.0 1.0031037 0.0012786147 1.0032100834910676 1.0 1.0 1.0 1.0032100834910676 -0.00010635042832340957
2460777.267928608 0.075 0.0 1.0059998 0.001278844 1.0032094905892668 1.0 1.0 1.0 1.0032094905892668 0.0027903129538240368
2460777.2693174733 0.075 0.0 1.0031372 0.0012781137 1.003208897687466 1.0 1.0 1.0 1.003208897687466 -7.166681435810673e-05
2460777.2707063383 0.075 0.0 1.0031348 0.0012777379 1.0032083047856653 1.0 1.0 1.0 1.0032083047856653 -7.34580983483557e-05
2460777.2720952034 0.075 0.0 1.0014318 0.0012777513 1.0032077118838645 1.0 1.0 1.0 1.0032077118838645 -0.00177588910707005
2460777.2734840685 0.075 0.0 1.0027426 0.0012788676 1.0032071189820637 1.0 1.0 1.0 1.0032071189820637 -0.0004644708573688927
2460777.2748729335 0.075 0.0 1.0029143 0.0012783046 1.003206526080263 1.0 1.0 1.0 1.003206526080263 -0.00029221657861500105
2460777.2762617986 0.075 0.0 1.0014272 0.0012783161 1.0032059331784622 1.0 1.0 1.0 1.0032059331784622 -0.0017787595639602305
2460777.2776506636 0.075 0.0 1.004578 0.0012787645 1.0032053402766614 1.0 1.0 1.0 1.0032053402766614 0.0013726540699572354
2460777.2790395287 0.075 0.0 1.0032804 0.0012784825 1.0032047473748607 1.0 1.0 1.0 1.0032047473748607 7.565385499774813e-05
2460777.2804283933 0.075 0.0 1.0042609 0.00127829 1.0032041544732586 1.0 1.0 1.0 1.0032041544732586 0.0010567431631549606
2460777.2818172583 0.075 0.0 1.0017776 0.0012770777 1.0032035615714578 1.0 1.0 1.0 1.0032035615714578 -0.001425912645676597
2460777.2832061234 0.075 0.0 1.0027523 0.0012779121 1.0032029686696573 1.0 1.0 1.0 1.0032029686696573 -0.0004506645925088648
2460777.2845949885 0.075 0.0 1.0035783 0.0012781171 1.0032023757678565 1.0 1.0 1.0 1.0032023757678565 0.0003759294765892651
2460777.2859838535 0.075 0.0 1.0055785 0.0012785753 1.0032017828660558 1.0 1.0 1.0 1.0032017828660558 0.0023767350477625904
2460777.287372718 0.075 0.0 1.0043126 0.0012789927 1.0032011899644537 1.0 1.0 1.0 1.0032011899644537 0.001111444503624881
2460777.288761583 0.075 0.0 1.0028687 0.0012787095 1.003200597062653 1.0 1.0 1.0 1.003200597062653 -0.0003319447189029656
2460777.290150448 0.075 0.0 1.0049535 0.0012786328 1.0032000041608522 1.0 1.0 1.0 1.0032000041608522 0.0017534994478514143
2460777.2915393133 0.075 0.0 1.0020093 0.0012776015 1.0031994112590514 1.0 1.0 1.0 1.0031994112590514 -0.0011901386836730143
2460777.292928178 0.075 0.0 1.0031308 0.0012781353 1.0031988183574494 1.0 1.0 1.0 1.0031988183574494 -6.802478597722761e-05
2460777.294317043 0.075 0.0 1.0045025 0.0012786431 1.0031982254556486 1.0 1.0 1.0 1.0031982254556486 0.0013043094106843789
2460777.295705908 0.075 0.0 1.0027485 0.001278123 1.003197632553848 1.0 1.0 1.0 1.003197632553848 -0.0004491431739652718
2460777.297094773 0.075 0.0 1.0016752 0.0012773593 1.0031970396520473 1.0 1.0 1.0 1.0031970396520473 -0.0015217915059901888
2460777.2984836376 0.075 0.0 1.0012218 0.0012781778 1.0031964467504453 1.0 1.0 1.0 1.0031964467504453 -0.001974670741839324
