1-transit analysis/LC/wasp-107b/jwst/3/S5_wasp-107b_ap5_bg11_Table_Save_ch0.txt
# %ECSV 1.0
# ---
# datatype:
# - {name: time, datatype: float64}
# - {name: wavelength, datatype: float64}
# - {name: bin_width, datatype: float64}
# - {name: lcdata, datatype: float64}
# - {name: lcerr, datatype: float64}
# - {name: polynomial, datatype: float64}
# - {name: ypos, datatype: float64}
# - {name: ywidth, datatype: float64}
# - {name: astrophysical model, datatype: float64}
# - {name: model, datatype: float64}
# - {name: residuals, datatype: float64}
# schema: astropy-2.0
time wavelength bin_width lcdata lcerr polynomial ypos ywidth "astrophysical model" model residuals
[from data line 204]
60106.930817640896 1.825 0.9749999999999999 1.0086152499024055 0.00011454535698411701 1.0086941782804746 1.0 1.0 1.0 1.0086941782804746 -7.892837806910968e-05
60106.93119915924 1.825 0.9749999999999999 1.0086750238961426 0.00011455650979090531 1.0086942826777787 1.0 1.0 1.0 1.0086942826777787 -1.9258781636111166e-05
60106.93158067758 1.825 0.9749999999999999 1.0087349353515964 0.00011455436949332621 1.0086943870750806 1.0 1.0 1.0 1.0086943870750806 4.0548276515783854e-05
60106.93196219592 1.825 0.9749999999999999 1.008659039631785 0.00011455436536702507 1.0086944914723848 1.0 1.0 1.0 1.0086944914723848 -3.545184059983164e-05
60106.93234371426 1.825 0.9749999999999999 1.0088159744586138 0.00011454292928597884 1.008694595869687 1.0 1.0 1.0 1.008694595869687 0.00012137858892691256
60106.932725232604 1.825 0.9749999999999999 1.0089437773556058 0.00011457648786513845 1.0086947002669908 1.0 1.0 1.0 1.0086947002669908 0.00024907708861499067
60106.93310675094 1.825 0.9749999999999999 1.0087328069442667 0.0001145512517613419 1.008694804664293 1.0 1.0 1.0 1.008694804664293 3.800227997374783e-05
60106.933488269286 1.825 0.9749999999999999 1.0087751686196775 0.00011454998216960658 1.008694909061597 1.0 1.0 1.0 1.008694909061597 8.025955808044216e-05
60106.93386978762 1.825 0.9749999999999999 1.0086867998098816 0.00011450372462476084 1.008695013458899 1.0 1.0 1.0 1.008695013458899 -8.213649017374536e-06
60106.93425130597 1.825 0.9749999999999999 1.0087889182749372 0.00011458217320621247 1.0086951178562031 1.0 1.0 1.0 1.0086951178562031 9.380041873408018e-05
60106.934632824305 1.825 0.9749999999999999 1.0087976389738238 0.0001145743525342845 1.0086952222535053 1.0 1.0 1.0 1.0086952222535053 0.00010241672031852112
60106.93501434264 1.825 0.9749999999999999 1.008517815522679 0.0001145699917939557 1.0086953266508072 1.0 1.0 1.0 1.0086953266508072 -0.0001775111281281383
60106.935395860986 1.825 0.9749999999999999 1.0086714175648115 0.0001145401760669357 1.0086954310481113 1.0 1.0 1.0 1.0086954310481113 -2.4013483299833993e-05
60106.93577737933 1.825 0.9749999999999999 1.0086952143032422 0.00011454361911276507 1.0086955354454155 1.0 1.0 1.0 1.0086955354454155 -3.2114217329848316e-07
60106.93615889767 1.825 0.9749999999999999 1.008621146497985 0.00011452036886759346 1.0086956398427174 1.0 1.0 1.0 1.0086956398427174 -7.449334473230707e-05
60106.936540416005 1.825 0.9749999999999999 1.0085081189498717 0.00011453255161077033 1.0086957442400195 1.0 1.0 1.0 1.0086957442400195 -0.00018762529014781926
60106.93692193435 1.825 0.9749999999999999 1.0086702644599306 0.00011457676756595972 1.0086958486373236 1.0 1.0 1.0 1.0086958486373236 -2.558417739306762e-05
60106.937303452694 1.825 0.9749999999999999 1.0087294512337617 0.00011453426297578184 1.0086959530346276 1.0 1.0 1.0 1.0086959530346276 3.349819913411878e-05
60106.937684971024 1.825 0.9749999999999999 1.0087111920569534 0.0001145817981255067 1.0086960574319277 1.0 1.0 1.0 1.0086960574319277 1.513462502567009e-05
60106.93806648936 1.825 0.9749999999999999 1.0087069610338766 0.00011452192802574114 1.0086961618292298 1.0 1.0 1.0 1.0086961618292298 1.0799204646749772e-05
60106.938448007706 1.825 0.9749999999999999 1.0087740289027574 0.00011459916015117599 1.0086962662265337 1.0 1.0 1.0 1.0086962662265337 7.776267622361388e-05
60106.93882952604 1.825 0.9749999999999999 1.008644390757964 0.00011454165082991928 1.0086963706238359 1.0 1.0 1.0 1.0086963706238359 -5.197986587179848e-05
60106.93921104439 1.825 0.9749999999999999 1.008657883632829 0.00011455700678376197 1.00869647502114 1.0 1.0 1.0 1.00869647502114 -3.85913883109712e-05
60106.93959256272 1.825 0.9749999999999999 1.0088513194129016 0.00011453897857699124 1.00869657941844 1.0 1.0 1.0 1.00869657941844 0.0001547399944616945
60106.93997408106 1.825 0.9749999999999999 1.0086696373015418 0.00011452988304441156 1.008696683815744 1.0 1.0 1.0 1.008696683815744 -2.704651420226689e-05
60106.9403555994 1.825 0.9749999999999999 1.00858613529549 0.00011451412624322781 1.0086967882130462 1.0 1.0 1.0 1.0086967882130462 -0.00011065291755629758
60106.940737117744 1.825 0.9749999999999999 1.008646442858694 0.00011452962334270089 1.0086968926103501 1.0 1.0 1.0 1.0086968926103501 -5.044975165602317e-05
60106.94111863608 1.825 0.9749999999999999 1.0087930465930186 0.0001146045465987292 1.0086969970076523 1.0 1.0 1.0 1.0086969970076523 9.604958536635344e-05
60106.94150015442 1.825 0.9749999999999999 1.0087887553288661 0.00011455369551342752 1.0086971014049544 1.0 1.0 1.0 1.0086971014049544 9.165392391174976e-05
60106.941881672756 1.825 0.9749999999999999 1.0087994875912694 0.00011454692416908106 1.0086972058022563 1.0 1.0 1.0 1.0086972058022563 0.00010228178901305895
60106.9422631911 1.825 0.9749999999999999 1.008715932813966 0.00011457131445488018 1.0086973101995604 1.0 1.0 1.0 1.0086973101995604 1.8622614405661153e-05
60106.94264470943 1.825 0.9749999999999999 1.0086709008924224 0.00011455281451433472 1.0086974145968606 1.0 1.0 1.0 1.0086974145968606 -2.651370443818024e-05
60106.943026227775 1.825 0.9749999999999999 1.0085888129028635 0.00011450463047454574 1.0086975189941645 1.0 1.0 1.0 1.0086975189941645 -0.00010870609130098075
60106.94340774611 1.825 0.9749999999999999 1.0086646734581048 0.00011454379794780315 1.0086976233914666 1.0 1.0 1.0 1.0086976233914666 -3.294993336178109e-05
60106.94378926445 1.825 0.9749999999999999 1.0085894951717929 0.00011450782838428338 1.0086977277887688 1.0 1.0 1.0 1.0086977277887688 -0.0001082326169759007
60106.94417078279 1.825 0.9749999999999999 1.008641122918262 0.00011450309864695027 1.0086978321860707 1.0 1.0 1.0 1.0086978321860707 -5.6709267808763286e-05
60106.94455230113 1.825 0.9749999999999999 1.0084364076423196 0.00011456151271341345 1.0086979365833748 1.0 1.0 1.0 1.0086979365833748 -0.0002615289410552446
60106.94493381946 1.825 0.9749999999999999 1.0085752052712929 0.00011454098756349253 1.008698040980675 1.0 1.0 1.0 1.008698040980675 -0.00012283570938209643
60106.9453153378 1.825 0.9749999999999999 1.0088268285097812 0.00011455158151793554 1.0086981453779769 1.0 1.0 1.0 1.0086981453779769 0.00012868313180436353
60106.94569685614 1.825 0.9749999999999999 1.0087233662317323 0.00011455160793005983 1.008698249775281 1.0 1.0 1.0 1.008698249775281 2.5116456451312885e-05
60106.94607837448 1.825 0.9749999999999999 1.008720024340369 0.00011454476022444082 1.0086983541725831 1.0 1.0 1.0 1.0086983541725831 2.167016778575892e-05
60106.94645989282 1.825 0.9749999999999999 1.008814648346128 0.00011454934418139744 1.008698458569885 1.0 1.0 1.0 1.008698458569885 0.00011618977624294757
60106.94684141115 1.825 0.9749999999999999 1.0086941695735234 0.00011464520147341877 1.0086985629671852 1.0 1.0 1.0 1.0086985629671852 -4.39339366176128e-06
60106.94722292949 1.825 0.9749999999999999 1.008678943559431 0.0001145658867335581 1.0086986673644893 1.0 1.0 1.0 1.0086986673644893 -1.9723805058324828e-05
60106.94760444783 1.825 0.9749999999999999 1.0085736852670915 0.00011457460799742495 1.0086987717617912 1.0 1.0 1.0 1.0086987717617912 -0.00012508649469977762
60106.947985966166 1.825 0.9749999999999999 1.0087231605957085 0.00011449929075935004 1.0086988761590934 1.0 1.0 1.0 1.0086988761590934 2.4284436615173988e-05
60106.9483674845 1.825 0.9749999999999999 1.0086877161387995 0.00011453002175325775 1.0086989805563955 1.0 1.0 1.0 1.0086989805563955 -1.1264417596024145e-05
60106.94874900284 1.825 0.9749999999999999 1.0086891587697524 0.00011458280835952487 1.0086990849536974 1.0 1.0 0.9999234702168261 1.0086218894314383 6.72693383141354e-05
60106.94913052118 1.825 0.9749999999999999 1.0085067328148274 0.00011462432003983169 1.0086991893509996 1.0 1.0 0.999759733521919 1.008456832749331 4.99000654963222e-05
60106.949512039515 1.825 0.9749999999999999 1.0083662332170436 0.00011456193999302227 1.0086992937483017 1.0 1.0 0.9995390645938613 1.008234348529666 0.0001318846873774593
60106.94989355785 1.825 0.9749999999999999 1.0079578285902768 0.00011455824182551581 1.0086993981456036 1.0 1.0 0.9992716716453541 1.0079647337726199 -6.905182343031058e-06
60106.95027507619 1.825 0.9749999999999999 1.007746204585074 0.00011449784528565152 1.0086995025429057 1.0 1.0 0.9989637312881962 1.0076542188088085 9.198577626556848e-05
60106.95065659453 1.825 0.9749999999999999 1.007404022470504 0.00011449410388071003 1.0086996069402079 1.0 1.0 0.9986196614660122 1.00730726000353 9.676246697409852e-05
60106.951038112864 1.825 0.9749999999999999 1.0069219165996717 0.00011453449949447215 1.00869971133751 1.0 1.0 0.9982429202468438 1.0069273454977044 -5.428898032677765e-06
60106.951419631194 1.825 0.9749999999999999 1.0064718486543598 0.00011446508053566052 1.00869981573481 1.0 1.0 0.9978363746395779 1.006517367232433 -4.551857807322257e-05
60106.95180114954 1.825 0.9749999999999999 1.0060663394490952 0.00011449652887264915 1.008699920132114 1.0 1.0 0.9974024992717453 1.0060798213549804 -1.3481905885237566e-05
60106.95218266787 1.825 0.9749999999999999 1.0056336715393661 0.00011449141428153368 1.0087000245294142 1.0 1.0 0.9969434951609519 1.005616928023292 1.6743516074058107e-05
60106.952564186206 1.825 0.9749999999999999 1.0051718079430645 0.00011452199876656474 1.0087001289267161 1.0 1.0 0.9964613660326913 1.0051307083876675 4.109955539699506e-05
60106.95294570454 1.825 0.9749999999999999 1.0047482308691544 0.00011446635243454461 1.0087002333240183 1.0 1.0 0.9959579706393594 1.0046230373648375 0.00012519350431694498
60106.95332722288 1.825 0.9749999999999999 1.0042242450931778 0.00011441514492562018 1.0087003377213204 1.0 1.0 0.9954350602068226 1.0040956814102648 0.00012856368291291886
60106.95370874122 1.825 0.9749999999999999 1.003630420451387 0.00011444144607619082 1.0087004421186223 1.0 1.0 0.9948943065457385 1.0035503268739865 8.00935774005751e-05
60106.95409025955 1.825 0.9749999999999999 1.0030963853732928 0.00011441393328606774 1.0087005465159224 1.0 1.0 0.9943373239904354 1.002988602130332 0.00010778324296079056
60106.95447177789 1.825 0.9749999999999999 1.0024271549590702 0.00011441793883755127 1.0087006509132266 1.0 1.0 0.9937656871301823 1.0024120954634448 1.5059495625413533e-05
60106.95485329623 1.825 0.9749999999999999 1.0018919843613212 0.00011439142643668456 1.0087007553105285 1.0 1.0 0.9931809459087141 1.001822370298145 6.961406317618213e-05
60106.95523481456 1.825 0.9749999999999999 1.0010915889620378 0.00011434532262691098 1.0087008597078286 1.0 1.0 0.9925846386696274 1.0012209783588377 -0.00012938939679996153
60106.95561633289 1.825 0.9749999999999999 1.000528005607155 0.00011433482473045307 1.0087009641051288 1.0 1.0 0.9919783041642183 1.0006094717818177 -8.146617466264772e-05
60106.95599785123 1.825 0.9749999999999999 1.0002627514458595 0.00011434871355061363 1.0087010685024327 1.0 1.0 0.99136349293536 0.9999894145982015 0.00027333684765806776
60106.95637936956 1.825 0.9749999999999999 0.9995322760283787 0.00011434789601622635 1.0087011728997328 1.0 1.0 0.9907417786521746 0.9993623941672161 0.00016988186116262405
60106.9567608879 1.825 0.9749999999999999 0.9988469171040362 0.0001143284204767492 1.008701277297035 1.0 1.0 0.9901147695162226 0.998730032681673 0.00011688442236312824
60106.95714240624 1.825 0.9749999999999999 0.9980861700579238 0.00011430529392599331 1.008701381694337 1.0 1.0 0.9894841207108747 0.9980939997256655 -7.829667741710011e-06
60106.957523924575 1.825 0.9749999999999999 0.9976086081538718 0.00011428850328486809 1.008701486091639 1.0 1.0 0.988851547934069 0.9974560259251131 0.00015258222875869087
60106.957905442905 1.825 0.9749999999999999 0.9967760448966926 0.00011427608891490944 1.0087015904889391 1.0 1.0 0.9882188429067063 0.9968179185911337 -4.1873694441085796e-05
60106.95828696124 1.825 0.9749999999999999 0.9963003959337202 0.00011422675435778375 1.0087016948862413 1.0 1.0 0.9875878915057975 0.9961815800110273 0.00011881592269291641
60106.95866847958 1.825 0.9749999999999999 0.9957285992696854 0.00011423994809749763 1.0087017992835432 1.0 1.0 0.9869606958101376 0.9955490296858235 0.0001795695838618938
60106.95904999792 1.825 0.9749999999999999 0.9950392686756317 0.00011424670739023003 1.0087019036808453 1.0 1.0 0.9863394013749397 0.9949224318423271 0.00011683683330465655
60106.95943151625 1.825 0.9749999999999999 0.9943311080303724 0.00011423182332112915 1.0087020080781455 1.0 1.0 0.9857263322363315 0.9943041307422928 2.6977288079543804e-05
60106.95981303458 1.825 0.9749999999999999 0.9938252802018829 0.00011420564005411008 1.0087021124754454 1.0 1.0 0.9851240370790001 0.9936966972519263 0.00012858294995654607
60106.960194552914 1.825 0.9749999999999999 0.9930075055913988 0.00011415737320130368 1.0087022168727475 1.0 1.0 0.9845353524439171 0.993102992599771 -9.548700837214152e-05
60106.96057607125 1.825 0.9749999999999999 0.9924409790514894 0.00011423222744206164 1.0087023212700497 1.0 1.0 0.9839634927198173 0.9925262591514653 -8.528009997588182e-05
60106.96095758959 1.825 0.9749999999999999 0.9916131973235567 0.00011413505430943589 1.0087024256673516 1.0 1.0 0.9834121846653543 0.9919702561027723 -0.00035705877921565765
60106.96133910792 1.825 0.9749999999999999 0.9913682199647397 0.00011416377794432568 1.0087025300646517 1.0 1.0 0.9828858816197089 0.9914394755546261 -7.125558988640979e-05
60106.961720626256 1.825 0.9749999999999999 0.9907178437963389 0.00011408432446823665 1.0087026344619539 1.0 1.0 0.9823901341407292 0.9909395163771858 -0.0002216725808469322
60106.96210214459 1.825 0.9749999999999999 0.9902028697784124 0.00011408921717864949 1.0087027388592558 1.0 1.0 0.9819323136614165 0.9904778141646766 -0.0002749443862641865
60106.96248366292 1.825 0.9749999999999999 0.9898641988772887 0.0001140761200395067 1.008702843256556 1.0 1.0 0.9815233282191871 0.9900653718973318 -0.00020117302004307724
60106.96286518125 1.825 0.9749999999999999 0.9895498121787839 0.00011410240343223358 1.008702947653856 1.0 1.0 0.9811837219893779 0.989722912560667 -0.00017310038188311783
60106.96324669959 1.825 0.9749999999999999 0.989344886177815 0.00011406879209297563 1.0087030520511582 1.0 1.0 0.9809704046788076 0.9895078411713729 -0.00016295499355789556
60106.96362821793 1.825 0.9749999999999999 0.9890226781881611 0.00011405367733621964 1.00870315644846 1.0 1.0 0.9808005387146768 0.9893365992478446 -0.00031392105968341966
60106.96400973626 1.825 0.9749999999999999 0.988948275021223 0.00011404395994099232 1.0087032608457602 1.0 1.0 0.9806429464521919 0.9891777378117201 -0.00022946279049718132
60106.96439125459 1.825 0.9749999999999999 0.988800709725169 0.00011402730118304545 1.0087033652430604 1.0 1.0 0.9804951288712547 0.9890287360968627 -0.00022802637169372364
60106.964772772924 1.825 0.9749999999999999 0.9886422475029923 0.0001140615586106545 1.0087034696403623 1.0 1.0 0.9803555633483008 0.988888058230663 -0.0002458107276706034
60106.965154291254 1.825 0.9749999999999999 0.988479288559652 0.00011403939576305802 1.0087035740376624 1.0 1.0 0.9802231806362679 0.9887546256623686 -0.0002753371027166551
60106.96553580959 1.825 0.9749999999999999 0.9884058135391927 0.00011400656515028848 1.0087036784349646 1.0 1.0 0.9800971730539653 0.9886276236832447 -0.00022181014405209254
60106.96591732792 1.825 0.9749999999999999 0.9885516873443623 0.0001140702451819516 1.0087037828322645 1.0 1.0 0.979976901931369 0.988506408066415 4.527927794728548e-05
60106.96629884626 1.825 0.9749999999999999 0.9883360810855323 0.00011400530042526987 1.0087038872295666 1.0 1.0 0.9798618459364739 0.9883904529440599 -5.4371858527635375e-05
60106.96668036459 1.825 0.9749999999999999 0.9882022139173702 0.00011399777377309281 1.0087039916268667 1.0 1.0 0.9797515694535421 0.9882793189104753 -7.710499310509267e-05
60106.967061882926 1.825 0.9749999999999999 0.988292728344794 0.00011406636893367719 1.0087040960241689 1.0 1.0 0.9796457018572434 0.9881726321158731 0.00012009622892084071
