1-transit analysis/LC/wasp-107b/jwst/3/S5_wasp-107b_ap5_bg11_Table_Save_ch0.txt
# %ECSV 1.0
# ---
# datatype:
# - {name: time, datatype: float64}
# - {name: wavelength, datatype: float64}
# - {name: bin_width, datatype: float64}
# - {name: lcdata, datatype: float64}
# - {name: lcerr, datatype: float64}
# - {name: polynomial, datatype: float64}
# - {name: ypos, datatype: float64}
# - {name: ywidth, datatype: float64}
# - {name: astrophysical model, datatype: float64}
# - {name: model, datatype: float64}
# - {name: residuals, datatype: float64}
# schema: astropy-2.0
time wavelength bin_width lcdata lcerr polynomial ypos ywidth "astrophysical model" model residuals
[from data line 583]
60107.07541308605 1.825 0.9749999999999999 1.0087517571920537 0.00011498508508495596 1.008733744856683 1.0 1.0 1.0 1.008733744856683 1.8012335370576338e-05
60107.07579460437 1.825 0.9749999999999999 1.0085912718845267 0.00011498569578425009 1.0087338492539792 1.0 1.0 1.0 1.0087338492539792 -0.00014257736945255672
60107.07617612267 1.825 0.9749999999999999 1.0086906727387488 0.00011500969806046147 1.0087339536512712 1.0 1.0 1.0 1.0087339536512712 -4.3280912522369874e-05
60107.07655764098 1.825 0.9749999999999999 1.008691151964119 0.00011497223560721491 1.0087340580485673 1.0 1.0 1.0 1.0087340580485673 -4.2906084448235404e-05
60107.076939159284 1.825 0.9749999999999999 1.0086254240193566 0.00011492860321079809 1.0087341624458595 1.0 1.0 1.0 1.0087341624458595 -0.00010873842650283017
60107.0773206776 1.825 0.9749999999999999 1.0086175635822041 0.00011498040819443848 1.0087342668431556 1.0 1.0 1.0 1.0087342668431556 -0.00011670326095147843
60107.07770219591 1.825 0.9749999999999999 1.008430887466974 0.00011490876405692665 1.0087343712404497 1.0 1.0 1.0 1.0087343712404497 -0.0003034837734756657
60107.078083714216 1.825 0.9749999999999999 1.0086044974190074 0.00011496881237310564 1.0087344756377437 1.0 1.0 1.0 1.0087344756377437 -0.0001299782187362819
60107.078465232524 1.825 0.9749999999999999 1.0088172094974917 0.0001149228326383039 1.0087345800350378 1.0 1.0 1.0 1.0087345800350378 8.262946245385372e-05
60107.07884675083 1.825 0.9749999999999999 1.0085722813065219 0.0001149885046555002 1.008734684432332 1.0 1.0 1.0 1.008734684432332 -0.00016240312581006222
60107.07922826914 1.825 0.9749999999999999 1.0086254956787812 0.00011490049556659446 1.008734788829626 1.0 1.0 1.0 1.008734788829626 -0.00010929315084484692
60107.07960978745 1.825 0.9749999999999999 1.00877964073377 0.00011502128051425539 1.0087348932269202 1.0 1.0 1.0 1.0087348932269202 4.474750684968498e-05
60107.079991305756 1.825 0.9749999999999999 1.0086610443163182 0.00011500751961569153 1.0087349976242144 1.0 1.0 1.0 1.0087349976242144 -7.39533078961685e-05
60107.080372824064 1.825 0.9749999999999999 1.0085733743939407 0.00011497459560930768 1.0087351020215083 1.0 1.0 1.0 1.0087351020215083 -0.0001617276275676094
60107.08075434237 1.825 0.9749999999999999 1.0086936643378563 0.00011491875456300785 1.0087352064188024 1.0 1.0 1.0 1.0087352064188024 -4.154208094608869e-05
60107.08113586067 1.825 0.9749999999999999 1.0087077137984108 0.00011501645591629594 1.0087353108160946 1.0 1.0 1.0 1.0087353108160946 -2.7597017683733682e-05
60107.08151737899 1.825 0.9749999999999999 1.0086242165285733 0.00011506246045517676 1.0087354152133907 1.0 1.0 1.0 1.0087354152133907 -0.00011119868481745954
60107.0818988973 1.825 0.9749999999999999 1.00857191603883 0.00011491763737147903 1.0087355196106849 1.0 1.0 1.0 1.0087355196106849 -0.0001636035718548534
60107.0822804156 1.825 0.9749999999999999 1.0086411437164153 0.00011498875297466139 1.0087356240079768 1.0 1.0 1.0 1.0087356240079768 -9.448029156144955e-05
60107.082661933906 1.825 0.9749999999999999 1.0086871198209717 0.00011489557772906854 1.008735728405271 1.0 1.0 1.0 1.008735728405271 -4.8608584299225654e-05
60107.083043452214 1.825 0.9749999999999999 1.0086609019805408 0.00011494405493685589 1.008735832802565 1.0 1.0 1.0 1.008735832802565 -7.493082202425505e-05
60107.08342497053 1.825 0.9749999999999999 1.0088189896667104 0.00011496043464365723 1.0087359371998612 1.0 1.0 1.0 1.0087359371998612 8.30524668491428e-05
60107.08380648883 1.825 0.9749999999999999 1.0087739235439883 0.00011505740877208516 1.0087360415971534 1.0 1.0 1.0 1.0087360415971534 3.7881946834961155e-05
60107.08418800713 1.825 0.9749999999999999 1.0086420042581294 0.00011491984216121184 1.0087361459944455 1.0 1.0 1.0 1.0087361459944455 -9.414173631605571e-05
60107.08456952545 1.825 0.9749999999999999 1.0086777593137064 0.00011492847010975441 1.0087362503917414 1.0 1.0 1.0 1.0087362503917414 -5.849107803501674e-05
60107.08495104375 1.825 0.9749999999999999 1.0087051472786894 0.00011491771674621821 1.0087363547890336 1.0 1.0 1.0 1.0087363547890336 -3.120751034413338e-05
60107.085332562056 1.825 0.9749999999999999 1.0087353671712989 0.00011509955196422737 1.0087364591863277 1.0 1.0 1.0 1.0087364591863277 -1.0920150288473707e-06
60107.085714080364 1.825 0.9749999999999999 1.0087544091738538 0.00011493771364992052 1.0087365635836218 1.0 1.0 1.0 1.0087365635836218 1.7845590231990727e-05
60107.08609559867 1.825 0.9749999999999999 1.0087838917226704 0.0001149515855155054 1.008736667980916 1.0 1.0 1.0 1.008736667980916 4.722374175436528e-05
60107.08647711697 1.825 0.9749999999999999 1.0088080720795385 0.00011492799426530634 1.008736772378208 1.0 1.0 1.0 1.008736772378208 7.129970133057384e-05
60107.08685863529 1.825 0.9749999999999999 1.0086691440371842 0.00011490454261480604 1.008736876775504 1.0 1.0 1.0 1.008736876775504 -6.773273831983673e-05
60107.08724015359 1.825 0.9749999999999999 1.0085449807145246 0.00011494817965627212 1.0087369811727962 1.0 1.0 1.0 1.0087369811727962 -0.00019200045827161283
60107.0876216719 1.825 0.9749999999999999 1.0087388868816967 0.00011498791282870088 1.0087370855700903 1.0 1.0 1.0 1.0087370855700903 1.8013116063197998e-06
60107.0880031902 1.825 0.9749999999999999 1.0086100197866352 0.00011496448252767567 1.0087371899673825 1.0 1.0 1.0 1.0087371899673825 -0.00012717018074726028
60107.088384708506 1.825 0.9749999999999999 1.0088255581079417 0.00011495202745093473 1.0087372943646766 1.0 1.0 1.0 1.0087372943646766 8.826374326509345e-05
60107.088766226814 1.825 0.9749999999999999 1.0089571393648193 0.00011496999288457805 1.0087373987619705 1.0 1.0 1.0 1.0087373987619705 0.0002197406028487947
60107.08914774512 1.825 0.9749999999999999 1.008671893388316 0.00011500686592575864 1.0087375031592647 1.0 1.0 1.0 1.0087375031592647 -6.560977094860476e-05
60107.08952926342 1.825 0.9749999999999999 1.0086771706745328 0.00011498276196363248 1.0087376075565568 1.0 1.0 1.0 1.0087376075565568 -6.0436882024061944e-05
60107.089910781724 1.825 0.9749999999999999 1.0085811977881765 0.00011493353665449135 1.008737711953849 1.0 1.0 1.0 1.008737711953849 -0.00015651416567252774
60107.09029230004 1.825 0.9749999999999999 1.008668534647104 0.00011492993065993014 1.0087378163511451 1.0 1.0 1.0 1.0087378163511451 -6.92817040410798e-05
60107.09067381835 1.825 0.9749999999999999 1.0088664173251316 0.00011498218667509504 1.008737920748439 1.0 1.0 1.0 1.008737920748439 0.00012849657669256054
60107.09105533665 1.825 0.9749999999999999 1.008820376886859 0.00011492788257708808 1.0087380251457312 1.0 1.0 1.0 1.0087380251457312 8.235174112791732e-05
60107.09143685495 1.825 0.9749999999999999 1.0086724670463398 0.0001149361466987762 1.0087381295430233 1.0 1.0 1.0 1.0087381295430233 -6.5662496683494e-05
60107.09181837326 1.825 0.9749999999999999 1.008732622915287 0.00011493432712283497 1.0087382339403175 1.0 1.0 1.0 1.0087382339403175 -5.611025030383132e-06
60107.092199891566 1.825 0.9749999999999999 1.0087913176740466 0.00011490724395000271 1.0087383383376116 1.0 1.0 1.0 1.0087383383376116 5.2979336434999524e-05
60107.09258140987 1.825 0.9749999999999999 1.0087060075195717 0.00011495930538576871 1.0087384427349038 1.0 1.0 1.0 1.0087384427349038 -3.243521533202731e-05
60107.09296292817 1.825 0.9749999999999999 1.008707067600668 0.00011495831794430331 1.0087385471321957 1.0 1.0 1.0 1.0087385471321957 -3.147953152771166e-05
60107.09334444648 1.825 0.9749999999999999 1.0088786479293148 0.00011497943096904208 1.0087386515294918 1.0 1.0 1.0 1.0087386515294918 0.00013999639982298362
60107.09372596478 1.825 0.9749999999999999 1.008734333051863 0.00011499603704098621 1.008738755926784 1.0 1.0 1.0 1.008738755926784 -4.42287492097293e-06
60107.09410748309 1.825 0.9749999999999999 1.0086549665838775 0.00011494153292394936 1.0087388603240781 1.0 1.0 1.0 1.0087388603240781 -8.389374020056906e-05
60107.09448900139 1.825 0.9749999999999999 1.0087319004541657 0.00011491550841394336 1.0087389647213703 1.0 1.0 1.0 1.0087389647213703 -7.0642672045373445e-06
60107.0948705197 1.825 0.9749999999999999 1.0087522467354335 0.0001149979662842134 1.0087390691186644 1.0 1.0 1.0 1.0087390691186644 1.3177616769111111e-05
60107.095252038 1.825 0.9749999999999999 1.008794191373014 0.00011497579305513861 1.0087391735159563 1.0 1.0 1.0 1.0087391735159563 5.501785705774864e-05
60107.09563355631 1.825 0.9749999999999999 1.0086816873311186 0.0001149728770254174 1.0087392779132505 1.0 1.0 1.0 1.0087392779132505 -5.7590582131838985e-05
60107.09601507461 1.825 0.9749999999999999 1.0089156289495884 0.00011494743534668014 1.0087393823105426 1.0 1.0 1.0 1.0087393823105426 0.00017624663904580729
60107.09639659292 1.825 0.9749999999999999 1.0088458616997504 0.00011492762356891573 1.0087394867078368 1.0 1.0 1.0 1.0087394867078368 0.00010637499191368249
60107.09677811122 1.825 0.9749999999999999 1.0088410723397148 0.0001149174367679737 1.008739591105129 1.0 1.0 1.0 1.008739591105129 0.00010148123458586511
60107.09715962952 1.825 0.9749999999999999 1.0086726341009122 0.00011489939191606053 1.008739695502421 1.0 1.0 1.0 1.008739695502421 -6.706140150880557e-05
60107.09754114783 1.825 0.9749999999999999 1.0088835287484395 0.00011498852202839559 1.008739799899715 1.0 1.0 1.0 1.008739799899715 0.0001437288487244892
60107.09792266614 1.825 0.9749999999999999 1.0087591912553668 0.00011491553997712782 1.008739904297009 1.0 1.0 1.0 1.008739904297009 1.9286958357733752e-05
60107.09830418444 1.825 0.9749999999999999 1.008624593814796 0.0001149789484317294 1.0087400086943012 1.0 1.0 1.0 1.0087400086943012 -0.00011541487950528229
60107.09868570273 1.825 0.9749999999999999 1.0086955725494253 0.00011496311781006582 1.0087401130915914 1.0 1.0 1.0 1.0087401130915914 -4.454054216607162e-05
60107.09906722104 1.825 0.9749999999999999 1.0086888038829642 0.0001149121931495839 1.0087402174888855 1.0 1.0 1.0 1.0087402174888855 -5.141360592131328e-05
60107.09944873935 1.825 0.9749999999999999 1.0086537482021558 0.00011496755217205145 1.0087403218861797 1.0 1.0 1.0 1.0087403218861797 -8.657368402387178e-05
60107.09983025765 1.825 0.9749999999999999 1.008776059191978 0.00011494906256837352 1.0087404262834716 1.0 1.0 1.0 1.0087404262834716 3.5632908506499916e-05
60107.10021177595 1.825 0.9749999999999999 1.0088803396905153 0.0001149525379923845 1.0087405306807637 1.0 1.0 1.0 1.0087405306807637 0.00013980900975152366
60107.10059329426 1.825 0.9749999999999999 1.0088480130947297 0.00011492858455935277 1.008740635078058 1.0 1.0 1.0 1.008740635078058 0.0001073780166718219
60107.10097481256 1.825 0.9749999999999999 1.008709049846009 0.00011494344993006756 1.00874073947535 1.0 1.0 1.0 1.00874073947535 -3.168962934108066e-05
60107.101356330866 1.825 0.9749999999999999 1.0087187129245694 0.00011490895924191756 1.0087408438726442 1.0 1.0 1.0 1.0087408438726442 -2.2130948074794432e-05
60107.10173784916 1.825 0.9749999999999999 1.0089042261133114 0.00011493534099870628 1.0087409482699343 1.0 1.0 1.0 1.0087409482699343 0.0001632778433771076
60107.10211936747 1.825 0.9749999999999999 1.008740234482579 0.0001149276777600322 1.0087410526672282 1.0 1.0 1.0 1.0087410526672282 -8.181846491428502e-07
60107.10250088577 1.825 0.9749999999999999 1.0088916842650482 0.00011495369838817037 1.0087411570645204 1.0 1.0 1.0 1.0087411570645204 0.00015052720052777246
60107.10288240408 1.825 0.9749999999999999 1.008620946730164 0.0001149545575207535 1.0087412614618145 1.0 1.0 1.0 1.0087412614618145 -0.00012031473165063922
60107.10326392238 1.825 0.9749999999999999 1.0086581121479348 0.00011495371039738418 1.0087413658591067 1.0 1.0 1.0 1.0087413658591067 -8.32537111719045e-05
60107.10364544068 1.825 0.9749999999999999 1.0086452266716843 0.00011494053824874852 1.0087414702563988 1.0 1.0 1.0 1.0087414702563988 -9.62435847144949e-05
