1-transit analysis/LC/wasp-107b/jwst/3/S5_wasp-107b_ap5_bg11_Table_Save_ch0.txt
# %ECSV 1.0
# ---
# datatype:
# - {name: time, datatype: float64}
# - {name: wavelength, datatype: float64}
# - {name: bin_width, datatype: float64}
# - {name: lcdata, datatype: float64}
# - {name: lcerr, datatype: float64}
# - {name: polynomial, datatype: float64}
# - {name: ypos, datatype: float64}
# - {name: ywidth, datatype: float64}
# - {name: astrophysical model, datatype: float64}
# - {name: model, datatype: float64}
# - {name: residuals, datatype: float64}
# schema: astropy-2.0
time wavelength bin_width lcdata lcerr polynomial ypos ywidth "astrophysical model" model residuals
[from data line 394]
60107.003306124156 1.825 0.9749999999999999 0.9849411855879744 0.00011321541989000706 1.008714013767644 1.0 1.0 0.9764526655520502 0.9849614875231235 -2.030193514912515e-05
60107.00368764248 1.825 0.9749999999999999 0.9849852990369586 0.00011320857291947874 1.0087141181649422 1.0 1.0 0.9764502569953971 0.9849591599170432 2.613911991544704e-05
60107.00406916081 1.825 0.9749999999999999 0.9850774879064634 0.00011320950395276206 1.008714222562242 1.0 1.0 0.9764482367060766 0.9849572239612422 0.00012026394522124395
60107.00445067914 1.825 0.9749999999999999 0.9849664156506737 0.00011324473758024463 1.0087143269595422 1.0 1.0 0.9764466037816427 0.9849556787455305 1.0736905143193809e-05
60107.004832197454 1.825 0.9749999999999999 0.9850150734744085 0.00011324192997944204 1.0087144313568384 1.0 1.0 0.9764453574933326 0.9849545235349118 6.0549939496779004e-05
60107.005213715776 1.825 0.9749999999999999 0.984976707718687 0.00011321188709367998 1.0087145357541363 1.0 1.0 0.9764444972852254 0.9849537577687472 2.2949949939787828e-05
60107.005595234106 1.825 0.9749999999999999 0.9849490070140287 0.00011323682854580323 1.0087146401514364 1.0 1.0 0.976444022773903 0.9849533810603985 -4.37404636988159e-06
60107.005976752436 1.825 0.9749999999999999 0.9851285426234405 0.00011321974147374456 1.0087147445487366 1.0 1.0 0.9764439337479429 0.9849533931967197 0.0001751494267208109
60107.00635827075 1.825 0.9749999999999999 0.9848978384014165 0.00011327012639038314 1.0087148489460327 1.0 1.0 0.9764442301676627 0.984953794137799 -5.595573638250695e-05
60107.006739789074 1.825 0.9749999999999999 0.9849478020022138 0.00011325882835551566 1.0087149533433306 1.0 1.0 0.9764449121651406 0.9849545840169924 -6.7820147786612495e-06
60107.007121307404 1.825 0.9749999999999999 0.9848900433535358 0.00011319722007217968 1.0087150577406307 1.0 1.0 0.976445980044345 0.9849557631410383 -6.571978750247176e-05
60107.00750282573 1.825 0.9749999999999999 0.9850569620760498 0.00011322089200486425 1.008715162137929 1.0 1.0 0.9764474342813738 0.9849573319903007 9.963008574909171e-05
60107.00788434405 1.825 0.9749999999999999 0.9848159550669636 0.00011324477563169012 1.008715266535227 1.0 1.0 0.9764492755250644 0.9849592912193947 -0.0001433361524311172
60107.00826586237 1.825 0.9749999999999999 0.9850037512308767 0.0001132465223604592 1.008715370932525 1.0 1.0 0.9764515045975739 0.9849616416577639 4.210957311279184e-05
60107.0086473807 1.825 0.9749999999999999 0.985123345896335 0.00011321927772728242 1.008715475329825 1.0 1.0 0.9764541224952645 0.984964384310578 0.00015896158575701147
60107.00902889902 1.825 0.9749999999999999 0.9851160409035783 0.00011327816958085586 1.0087155797271212 1.0 1.0 0.9764571303894038 0.9849675203594287 0.0001485205441495996
60107.00941041735 1.825 0.9749999999999999 0.9848633389874111 0.00011321365300072583 1.0087156841244214 1.0 1.0 0.976460529627891 0.9849710511640929 -0.00010771217668181787
60107.00979193567 1.825 0.9749999999999999 0.985224936772305 0.00011319459909026984 1.0087157885217193 1.0 1.0 0.9764643217357333 0.984974978262986 0.0002499585093190815
60107.01017345399 1.825 0.9749999999999999 0.9851520350042446 0.00011324401198036421 1.0087158929190174 1.0 1.0 0.9764685084171363 0.9849793033752927 0.00017273162895192762
60107.010554972316 1.825 0.9749999999999999 0.984990474806636 0.00011323689896746875 1.0087159973163156 1.0 1.0 0.9764730915567956 0.984984028402259 6.446404377080661e-06
60107.01093649064 1.825 0.9749999999999999 0.9849879283734356 0.00011319981069694253 1.0087161017136137 1.0 1.0 0.97647807322173 0.9849891554290441 -1.227055608454819e-06
60107.01131800896 1.825 0.9749999999999999 0.9849461653691093 0.0001132460041893608 1.0087162061109116 1.0 1.0 0.9764834556632174 0.9849946867266732 -4.852135756394649e-05
60107.01169952729 1.825 0.9749999999999999 0.9849826243788088 0.0001132108718537662 1.0087163105082118 1.0 1.0 0.9764892413190385 0.9850006247543033 -1.8000375494486853e-05
60107.01208104561 1.825 0.9749999999999999 0.9847475935262605 0.00011324176993645552 1.008716414905508 1.0 1.0 0.97649543281522 0.985006972160971 -0.00025937863471048317
60107.01246256393 1.825 0.9749999999999999 0.9848732913993685 0.0001132701116472928 1.008716519302806 1.0 1.0 0.9765020329696842 0.9850137317892937 -0.00014044038992522268
60107.01284408225 1.825 0.9749999999999999 0.9850201516068555 0.00011324517081697949 1.008716623700104 1.0 1.0 0.9765090447938195 0.9850209066770352 -7.550701797143233e-07
60107.01322560058 1.825 0.9749999999999999 0.9851854792949725 0.0001132470073672806 1.008716728097404 1.0 1.0 0.9765164714961199 0.985028500060788 0.00015697923418445114
60107.0136071189 1.825 0.9749999999999999 0.9851127258610062 0.0001132218631649382 1.0087168324947002 1.0 1.0 0.976524316484477 0.9850365153782739 7.621048273231956e-05
60107.01398863722 1.825 0.9749999999999999 0.9850068893454559 0.000113230300479869 1.0087169368919984 1.0 1.0 0.976532583371002 0.9850449562732272 -3.806692777130749e-05
"" 1.825 0.9749999999999999 "" "" "" 1.0 1.0 0.9765412759741638 "" ""
60107.01475167387 1.825 0.9749999999999999 0.9850843117503815 0.00011320615499792395 1.0087171456865964 1.0 1.0 0.9765503983235301 0.9850631304160201 2.1181334361353166e-05
60107.01513319219 1.825 0.9749999999999999 0.9851120314688459 0.00011322786380359097 1.0087172500838926 1.0 1.0 0.9765599546628205 0.9850728720095311 3.915945931476372e-05
60107.01551471051 1.825 0.9749999999999999 0.9848806565777751 0.00011319981454700333 1.0087173544811907 1.0 1.0 0.9765699494560338 0.9850830558811206 -0.0002023993033454241
60107.01589622883 1.825 0.9749999999999999 0.9850474926523359 0.00011320990895356283 1.0087174588784886 1.0 1.0 0.97658038739029 0.9850936867589033 -4.6194106567365445e-05
60107.016277747156 1.825 0.9749999999999999 0.9851605885059191 0.00011325687776297533 1.0087175632757868 1.0 1.0 0.976591273381622 0.9851047696019074 5.581890401173961e-05
60107.01665926548 1.825 0.9749999999999999 0.9852005360474516 0.00011320955370855433 1.008717667673085 1.0 1.0 0.9766026125800019 0.9851163096051408 8.422644231076415e-05
60107.0170407838 1.825 0.9749999999999999 0.9849324707684987 0.00011321904895462523 1.0087177720703828 1.0 1.0 0.9766144103748485 0.9851283122051477 -0.00019584143664908016
60107.017422302124 1.825 0.9749999999999999 0.9850779834125232 0.00011325150364460008 1.008717876467681 1.0 1.0 0.9766266724008668 0.9851407830858998 -6.27996733766345e-05
60107.01780382044 1.825 0.9749999999999999 0.9851035414509668 0.00011321401410049377 1.008717980864977 1.0 1.0 0.976639404543977 0.9851537281847741 -5.018673380730032e-05
60107.01818533877 1.825 0.9749999999999999 0.9850953997105666 0.00011321046266761838 1.0087180852622772 1.0 1.0 0.9766526129490866 0.9851671537004025 -7.175398983594317e-05
60107.018566857085 1.825 0.9749999999999999 0.9852126042401679 0.00011323550840823169 1.0087181896595734 1.0 1.0 0.9766663040242658 0.985181066096864 3.1538143303921906e-05
60107.01894837541 1.825 0.9749999999999999 0.9851688181007194 0.00011323966075468804 1.0087182940568713 1.0 1.0 0.9766804844515821 0.9851954721146384 -2.6654013918991915e-05
60107.01932989373 1.825 0.9749999999999999 0.9853181546864963 0.00011325870209100567 1.0087183984541694 1.0 1.0 0.9766951611920267 0.9852103787755581 0.0001077759109382459
60107.019711412046 1.825 0.9749999999999999 0.9851932007079752 0.00011326104272741571 1.0087185028514656 1.0 1.0 0.9767103414946713 0.9852257933920485 -3.259268407329596e-05
60107.02009293037 1.825 0.9749999999999999 0.9852397561538855 0.00011322704132417616 1.0087186072487637 1.0 1.0 0.9767260329062146 0.985241723576767 -1.9674228814992034e-06
60107.0204744487 1.825 0.9749999999999999 0.9852075108013612 0.00011319566506435919 1.0087187116460636 1.0 1.0 0.9767422432786894 0.9852581772503657 -5.0666449004532765e-05
60107.02085596701 1.825 0.9749999999999999 0.9851139336564688 0.00011320094337034405 1.0087188160433598 1.0 1.0 0.9767589807786892 0.9852751626507982 -0.00016122899432935434
60107.02123748533 1.825 0.9749999999999999 0.9852210480403223 0.0001132212830341607 1.008718920440656 1.0 1.0 0.9767762539000976 0.9852926883461745 -7.164030585216086e-05
60107.02161900366 1.825 0.9749999999999999 0.9853763272591528 0.00011322338911128357 1.008719024837956 1.0 1.0 0.9767940714734104 0.9853107632441552 6.556401499757669e-05
60107.02200052198 1.825 0.9749999999999999 0.985324157610368 0.00011325243891658047 1.008719129235254 1.0 1.0 0.9768124426753744 0.9853293966016651 -5.238991297118467e-06
60107.0223820403 1.825 0.9749999999999999 0.985380032798254 0.00011324814909965352 1.0087192336325501 1.0 1.0 0.9768313770437347 0.9853485980397847 3.143475846933974e-05
60107.02276355861 1.825 0.9749999999999999 0.9851996122122955 0.0001132363555837244 1.0087193380298463 1.0 1.0 0.9768508844894211 0.9853683775560387 -0.00016876534374321572
60107.02314507694 1.825 0.9749999999999999 0.985640062054684 0.00011324217754824222 1.0087194424271464 1.0 1.0 0.9768709753101423 0.9853887455381095 0.0002513165165745068
60107.023526595265 1.825 0.9749999999999999 0.9854076162841943 0.00011323971164998595 1.0087195468244443 1.0 1.0 0.976891660202382 0.9854097127759258 -2.096491731551353e-06
60107.02390811358 1.825 0.9749999999999999 0.985524217340739 0.00011321447514167201 1.0087196512217405 1.0 1.0 0.9769129502796041 0.9854312904800437 9.2926860695286e-05
60107.024289631896 1.825 0.9749999999999999 0.9856509899341543 0.00011322273639334796 1.0087197556190366 1.0 1.0 0.9769348570876858 0.9854534902972089 0.00019749963694548622
60107.02467115022 1.825 0.9749999999999999 0.9855975027298098 0.00011320480897123991 1.0087198600163347 1.0 1.0 0.9769573926216355 0.9854763243272195 0.000121178402590294
60107.02505266854 1.825 0.9749999999999999 0.9854977045824176 0.0001132259440044758 1.0087199644136327 1.0 1.0 0.9769805693428378 0.985499805140318 -2.100557900397426e-06
60107.025434186864 1.825 0.9749999999999999 0.9855254611604 0.00011328253777039761 1.0087200688109308 1.0 1.0 0.9770044001995812 0.9855239457979037 1.5153624962627177e-06
60107.02581570518 1.825 0.9749999999999999 0.9855215608610196 0.00011323640885578442 1.008720173208227 1.0 1.0 0.9770288986466452 0.9855487598722872 -2.7199011267575735e-05
60107.0261972235 1.825 0.9749999999999999 0.9857054893401257 0.00011325315536858061 1.008720277605525 1.0 1.0 0.9770540786689598 0.9855742614705636 0.00013122786956210053
60107.02657874182 1.825 0.9749999999999999 0.9857801110104836 0.00011325777650500207 1.008720382002821 1.0 1.0 0.977079954801474 0.985600465254642 0.00017964575584161757
60107.02696026014 1.825 0.9749999999999999 0.9856634856662472 0.00011326931653488198 1.0087204864001191 1.0 1.0 0.9771065421576784 0.9856273864700319 3.609919621527791e-05
60107.027341778456 1.825 0.9749999999999999 0.9855900825319533 0.00011324709785542799 1.0087205907974153 1.0 1.0 0.9771338564519642 0.9856550409683821 -6.495843642873034e-05
60107.027723296786 1.825 0.9749999999999999 0.9857217833783749 0.00011320985675542551 1.0087206951947154 1.0 1.0 0.977161914032284 0.9856834452404443 3.8338137930638005e-05
60107.0281048151 1.825 0.9749999999999999 0.985791553258453 0.00011329950997986659 1.0087207995920113 1.0 1.0 0.9771907319037928 0.9857126164398966 7.893681855641876e-05
60107.02848633342 1.825 0.9749999999999999 0.9858202969767453 0.00011326423794330311 1.0087209039893075 1.0 1.0 0.9772203277677852 0.9857425724226476 7.77245540977134e-05
60107.02886785174 1.825 0.9749999999999999 0.9859335271477411 0.00011323756517555253 1.0087210083866056 1.0 1.0 0.9772507200522877 0.9857733317776801 0.00016019537006095597
60107.02924937006 1.825 0.9749999999999999 0.9859517540422099 0.0001132731747287439 1.0087211127839038 1.0 1.0 0.9772819279480573 0.9858049138633632 0.00014684017884669665
60107.02963088838 1.825 0.9749999999999999 0.9859762674834663 0.00011328977998445523 1.0087212171811997 1.0 1.0 0.9773139714489788 0.9858373388482061 0.00013892863526021593
60107.03001240669 1.825 0.9749999999999999 0.9859110588638929 0.00011326654799765658 1.0087213215784958 1.0 1.0 0.9773468713955166 0.9858706277546937 4.0431109199157156e-05
60107.030393925015 1.825 0.9749999999999999 0.986007611947726 0.00011326981569231393 1.008721425975794 1.0 1.0 0.9773806495188989 0.9859048025038514 0.00010280944387464075
60107.03077544334 1.825 0.9749999999999999 0.9860224296814152 0.00011328227445437661 1.008721530373092 1.0 1.0 0.977415328488529 0.9859398859630675 8.254371834770513e-05
60107.03115696165 1.825 0.9749999999999999 0.9859181545311201 0.00011329886801943007 1.0087216347703882 1.0 1.0 0.9774509319656858 0.9859759020002661 -5.774746914599671e-05
60107.03153847997 1.825 0.9749999999999999 0.986032782233939 0.0001132342427317676 1.0087217391676842 1.0 1.0 0.9774874846615451 0.9860128755424388 1.990669150020441e-05
60107.03191999829 1.825 0.9749999999999999 0.9860320242747501 0.0001132740922666732 1.0087218435649823 1.0 1.0 0.9775250123970444 0.9860508326360288 -1.8808361278654928e-05
60107.03230151661 1.825 0.9749999999999999 0.9862342363179909 0.00011323314055768214 1.0087219479622784 1.0 1.0 0.9775635421667599 0.986089800511359 0.00014443580663192623
60107.03268303493 1.825 0.9749999999999999 0.98615719160393 0.00011325908965521189 1.0087220523595766 1.0 1.0 0.9776031022155564 0.9861298076599649 2.7383943965064717e-05
60107.033064553245 1.825 0.9749999999999999 0.9861894892562676 0.00011331423754084552 1.0087221567568725 1.0 1.0 0.9776437221103618 0.9861708839069806 1.860534928699309e-05
60107.03344607157 1.825 0.9749999999999999 0.986338500821233 0.000113250706848385 1.0087222611541706 1.0 1.0 0.9776854328305726 0.9862130605023492 0.00012544031888372942
60107.033827589876 1.825 0.9749999999999999 0.9862767719697607 0.00011325306556682463 1.0087223655514648 1.0 1.0 0.9777282668528465 0.9862563702063372 2.0401763423549824e-05
60107.0342091082 1.825 0.9749999999999999 0.9862367183712747 0.0001132198778493032 1.008722469948763 1.0 1.0 0.9777722582608677 0.9863008474002821 -6.412902900743145e-05
60107.034590626514 1.825 0.9749999999999999 0.9862184388709861 0.00011324299687144808 1.0087225743460588 1.0 1.0 0.9778174428432643 0.9863465281853379 -0.00012808931435170923
60107.03497214484 1.825 0.9749999999999999 0.9863160304792588 0.00011326869551654238 1.008722678743357 1.0 1.0 0.977863858223252 0.986393450513273 -7.742003401423059e-05
60107.03535366315 1.825 0.9749999999999999 0.986319544692716 0.0001132258337815025 1.0087227831406531 1.0 1.0 0.9779115439822118 0.9864416543111099 -0.00012210961839387302
60107.035735181475 1.825 0.9749999999999999 0.9864308210555843 0.00011328194171775685 1.0087228875379513 1.0 1.0 0.9779605418110661 0.9864911816338379 -6.036057825353769e-05
60107.03611669979 1.825 0.9749999999999999 0.9864868958023673 0.0001132642319124706 1.0087229919352472 1.0 1.0 0.9780108956619785 0.9865420768174218 -5.518101505452844e-05
60107.036498218105 1.825 0.9749999999999999 0.9865715461596145 0.00011332879885752933 1.0087230963325433 1.0 1.0 0.9780626519304132 0.986594386662465 -2.2840502850507427e-05
60107.03687973642 1.825 0.9749999999999999 0.9866438629289193 0.0001133556612502751 1.0087232007298395 1.0 1.0 0.9781158596458408 0.9866481606265709 -4.297697651645116e-06
60107.037261254736 1.825 0.9749999999999999 0.9866767197321298 0.00011321662213224873 1.0087233051271356 1.0 1.0 0.9781705706885229 0.9867034510430233 -2.6731310893479687e-05
60107.03764277306 1.825 0.9749999999999999 0.9865447153819678 0.00011328114631586471 1.0087234095244337 1.0 1.0 0.9782268400309719 0.9867603133643549 -0.0002155979823871279
60107.03802429138 1.825 0.9749999999999999 0.9868754372641632 0.00011322156386501529 1.0087235139217317 1.0 1.0 0.9782847260032337 0.9868188064299404 5.6630834222803905e-05
