1-transit analysis/LC/wasp-107b/jwst/3/S5_wasp-107b_ap5_bg11_Table_Save_ch0.txt
# %ECSV 1.0
# ---
# datatype:
# - {name: time, datatype: float64}
# - {name: wavelength, datatype: float64}
# - {name: bin_width, datatype: float64}
# - {name: lcdata, datatype: float64}
# - {name: lcerr, datatype: float64}
# - {name: polynomial, datatype: float64}
# - {name: ypos, datatype: float64}
# - {name: ywidth, datatype: float64}
# - {name: astrophysical model, datatype: float64}
# - {name: model, datatype: float64}
# - {name: residuals, datatype: float64}
# schema: astropy-2.0
time wavelength bin_width lcdata lcerr polynomial ypos ywidth "astrophysical model" model residuals
[from data line 102]
60106.891902769654 1.825 0.9749999999999999 1.0087468182606196 0.00011496801767872304 1.008683529755433 1.0 1.0 1.0 1.008683529755433 6.328850518655393e-05
60106.892284288006 1.825 0.9749999999999999 1.0086117824897338 0.00011494359582173064 1.008683634152739 1.0 1.0 1.0 1.008683634152739 -7.185166300516244e-05
60106.89266580635 1.825 0.9749999999999999 1.00857117598771 0.00011492797588399867 1.0086837385500431 1.0 1.0 1.0 1.0086837385500431 -0.00011256256233305173
60106.8930473247 1.825 0.9749999999999999 1.0087291344229097 0.0001149258686263532 1.008683842947349 1.0 1.0 1.0 1.008683842947349 4.5291475560649275e-05
60106.893428843054 1.825 0.9749999999999999 1.00853288660466 0.00011493507778093004 1.0086839473446552 1.0 1.0 1.0 1.0086839473446552 -0.00015106073999526792
60106.893810361405 1.825 0.9749999999999999 1.00855789351216 0.00011496884553612377 1.0086840517419613 1.0 1.0 1.0 1.0086840517419613 -0.00012615822980133196
60106.89419187975 1.825 0.9749999999999999 1.008595869679175 0.00011492328854565952 1.0086841561392652 1.0 1.0 1.0 1.0086841561392652 -8.828646009018115e-05
60106.8945733981 1.825 0.9749999999999999 1.0087371343707534 0.00011494185414515778 1.0086842605365713 1.0 1.0 1.0 1.0086842605365713 5.287383418206559e-05
60106.89495491645 1.825 0.9749999999999999 1.0086895210642564 0.00011495482211696863 1.0086843649338775 1.0 1.0 1.0 1.0086843649338775 5.156130378880519e-06
60106.8953364348 1.825 0.9749999999999999 1.0084090430180026 0.00011491839173854691 1.0086844693311814 1.0 1.0 1.0 1.0086844693311814 -0.00027542631317878374
60106.89571795314 1.825 0.9749999999999999 1.0088292541923756 0.00011495859153794187 1.0086845737284855 1.0 1.0 1.0 1.0086845737284855 0.00014468046389004563
60106.8960994715 1.825 0.9749999999999999 1.0087130992819708 0.00011502263125652075 1.0086846781257934 1.0 1.0 1.0 1.0086846781257934 2.8421156177405038e-05
60106.896480989846 1.825 0.9749999999999999 1.0088029902440785 0.00011495813779236056 1.0086847825230976 1.0 1.0 1.0 1.0086847825230976 0.00011820772098092291
60106.8968625082 1.825 0.9749999999999999 1.0087317226288168 0.00011493566927234511 1.0086848869204037 1.0 1.0 1.0 1.0086848869204037 4.6835708413128785e-05
60106.89724402654 1.825 0.9749999999999999 1.0086716111064888 0.00011496126426064302 1.0086849913177076 1.0 1.0 1.0 1.0086849913177076 -1.3380211218771976e-05
60106.897625544894 1.825 0.9749999999999999 1.0087966229776695 0.00011496217330666566 1.0086850957150137 1.0 1.0 1.0 1.0086850957150137 0.00011152726265573065
60106.89800706324 1.825 0.9749999999999999 1.0086816847865223 0.00011490410301089801 1.0086852001123179 1.0 1.0 1.0 1.0086852001123179 -3.5153257955666817e-06
60106.89838858159 1.825 0.9749999999999999 1.0085971115434895 0.00011492355899428898 1.0086853045096238 1.0 1.0 1.0 1.0086853045096238 -8.819296613427063e-05
60106.898770099935 1.825 0.9749999999999999 1.0086536134614954 0.00011493356542116354 1.008685408906928 1.0 1.0 1.0 1.008685408906928 -3.179544543252533e-05
60106.89915161829 1.825 0.9749999999999999 1.0086279069901023 0.00011496510405224484 1.0086855133042338 1.0 1.0 1.0 1.0086855133042338 -5.7606314131541936e-05
60106.89953313663 1.825 0.9749999999999999 1.0085539604419915 0.00011496557031486873 1.008685617701538 1.0 1.0 1.0 1.008685617701538 -0.00013165725954644714
60106.899914654976 1.825 0.9749999999999999 1.0088404594723128 0.00011494185577334326 1.008685722098842 1.0 1.0 1.0 1.008685722098842 0.0001547373734707147
60106.90029617333 1.825 0.9749999999999999 1.008567258304959 0.00011495962622746872 1.008685826496148 1.0 1.0 1.0 1.008685826496148 -0.00011856819118905015
60106.90067769168 1.825 0.9749999999999999 1.008573014334786 0.0001149201155817305 1.0086859308934542 1.0 1.0 1.0 1.0086859308934542 -0.00011291655866818573
60106.901059210024 1.825 0.9749999999999999 1.0089024277728682 0.00011493659779177462 1.0086860352907583 1.0 1.0 1.0 1.0086860352907583 0.00021639248210991724
60106.90144072837 1.825 0.9749999999999999 1.0086830919124727 0.0001149380381708201 1.0086861396880622 1.0 1.0 1.0 1.0086861396880622 -3.047775589459789e-06
60106.90182224672 1.825 0.9749999999999999 1.008712397075113 0.00011494695804632654 1.0086862440853683 1.0 1.0 1.0 1.0086862440853683 2.6152989744732125e-05
60106.90220376507 1.825 0.9749999999999999 1.0088806685309502 0.00011493847993745947 1.0086863484826742 1.0 1.0 1.0 1.0086863484826742 0.00019432004827590887
60106.90258528342 1.825 0.9749999999999999 1.0087375517801012 0.00011493629216587415 1.0086864528799784 1.0 1.0 1.0 1.0086864528799784 5.109890012278129e-05
60106.90296680176 1.825 0.9749999999999999 1.0087951669040365 0.00011496400970360198 1.0086865572772825 1.0 1.0 1.0 1.0086865572772825 0.0001086096267539638
60106.90334832011 1.825 0.9749999999999999 1.0087909979464464 0.00011493634329137036 1.0086866616745884 1.0 1.0 1.0 1.0086866616745884 0.00010433627185801875
60106.90372983846 1.825 0.9749999999999999 1.0086915556689586 0.0001149700224579044 1.0086867660718926 1.0 1.0 1.0 1.0086867660718926 4.789597066068296e-06
60106.90411135681 1.825 0.9749999999999999 1.0087931104965906 0.00011492662429293898 1.0086868704691987 1.0 1.0 1.0 1.0086868704691987 0.00010624002739190175
60106.904492875154 1.825 0.9749999999999999 1.0086190204937568 0.00011492368565964761 1.0086869748665026 1.0 1.0 1.0 1.0086869748665026 -6.795437274575988e-05
60106.904874393505 1.825 0.9749999999999999 1.0088950955541662 0.00011490867229562219 1.0086870792638087 1.0 1.0 1.0 1.0086870792638087 0.00020801629035749336
60106.90525591184 1.825 0.9749999999999999 1.0087451737315891 0.00011495523238918752 1.0086871836611109 1.0 1.0 1.0 1.0086871836611109 5.799007047824212e-05
60106.905637430194 1.825 0.9749999999999999 1.0089532651555924 0.00011493532971067235 1.0086872880584168 1.0 1.0 1.0 1.0086872880584168 0.0002659770971755737
60106.90601894854 1.825 0.9749999999999999 1.008777307568567 0.00011493922949969447 1.008687392455721 1.0 1.0 1.0 1.008687392455721 8.991511284617282e-05
60106.90640046689 1.825 0.9749999999999999 1.0088152519049545 0.00011498106876847518 1.0086874968530268 1.0 1.0 1.0 1.0086874968530268 0.00012775505192763603
60106.906781985235 1.825 0.9749999999999999 1.0089225035501805 0.00011498337658035617 1.008687601250331 1.0 1.0 1.0 1.008687601250331 0.0002349022998495709
60106.90716350359 1.825 0.9749999999999999 1.008947060751216 0.00011499445300068478 1.008687705647637 1.0 1.0 1.0 1.008687705647637 0.0002593551035789954
60106.907545021924 1.825 0.9749999999999999 1.0088095949359546 0.00011492592471517146 1.008687810044939 1.0 1.0 1.0 1.008687810044939 0.00012178489101555279
60106.907926540276 1.825 0.9749999999999999 1.0088890142637537 0.00011490872776574523 1.0086879144422451 1.0 1.0 1.0 1.0086879144422451 0.00020109982150851025
60106.90830805862 1.825 0.9749999999999999 1.0088914544270038 0.00011496668690070393 1.0086880188395493 1.0 1.0 1.0 1.0086880188395493 0.00020343558745450352
60106.908689576965 1.825 0.9749999999999999 1.0087053938700805 0.0001149762854797173 1.0086881232368532 1.0 1.0 1.0 1.0086881232368532 1.727063322731759e-05
60106.90907109531 1.825 0.9749999999999999 1.0087241059012846 0.00011496829895225615 1.0086882276341573 1.0 1.0 1.0 1.0086882276341573 3.587826712725395e-05
60106.90945261366 1.825 0.9749999999999999 1.0087597730535005 0.0001149284022447324 1.0086883320314635 1.0 1.0 1.0 1.0086883320314635 7.144102203704428e-05
60106.909834132006 1.825 0.9749999999999999 1.0087920531401684 0.00011494050565180947 1.0086884364287674 1.0 1.0 1.0 1.0086884364287674 0.00010361671140102224
60106.91021565035 1.825 0.9749999999999999 1.0088042444356788 0.00011492879075103749 1.0086885408260715 1.0 1.0 1.0 1.0086885408260715 0.00011570360960733161
60106.910597168695 1.825 0.9749999999999999 1.0088688317421433 0.00011494024119238061 1.0086886452233754 1.0 1.0 1.0 1.0086886452233754 0.0001801865187678331
60106.91097868705 1.825 0.9749999999999999 1.0086347543452896 0.00011499971489417756 1.0086887496206816 1.0 1.0 1.0 1.0086887496206816 -5.399527539196036e-05
60106.91136020539 1.825 0.9749999999999999 1.0086150590460015 0.00011494237823958727 1.0086888540179857 1.0 1.0 1.0 1.0086888540179857 -7.379497198423124e-05
60106.91174172373 1.825 0.9749999999999999 1.0086423901880417 0.00011498162866229354 1.0086889584152876 1.0 1.0 1.0 1.0086889584152876 -4.656822724591336e-05
60106.91212324208 1.825 0.9749999999999999 1.0086745616303747 0.00011497392775414907 1.0086890628125937 1.0 1.0 1.0 1.0086890628125937 -1.450118221901775e-05
60106.912504760425 1.825 0.9749999999999999 1.0087758749331903 0.0001149565576187413 1.0086891672098979 1.0 1.0 1.0 1.0086891672098979 8.670772329244514e-05
60106.91288627877 1.825 0.9749999999999999 1.0086924692016943 0.00011495244959338632 1.0086892716072018 1.0 1.0 1.0 1.0086892716072018 3.1975944925211053e-06
60106.913267797114 1.825 0.9749999999999999 1.008819094031996 0.00011492791365338783 1.008689376004506 1.0 1.0 1.0 1.008689376004506 0.0001297180274901777
60106.91364931546 1.825 0.9749999999999999 1.0088893104529069 0.00011496372476770293 1.00868948040181 1.0 1.0 1.0 1.00868948040181 0.0001998300510968054
60106.9140308338 1.825 0.9749999999999999 1.0087579335334238 0.00011494565998101216 1.008689584799114 1.0 1.0 1.0 1.008689584799114 6.834873430983102e-05
60106.914412352155 1.825 0.9749999999999999 1.008667004684818 0.00011496180167474658 1.00868968919642 1.0 1.0 1.0 1.00868968919642 -2.2684511602033552e-05
60106.91479387049 1.825 0.9749999999999999 1.0085138297531213 0.00011494385866718312 1.0086897935937222 1.0 1.0 1.0 1.0086897935937222 -0.0001759638406009234
60106.91517538884 1.825 0.9749999999999999 1.0086286297965432 0.00011492910004911757 1.0086898979910282 1.0 1.0 1.0 1.0086898979910282 -6.126819448493137e-05
60106.91555690718 1.825 0.9749999999999999 1.0088632633137025 0.0001149466489515196 1.0086900023883303 1.0 1.0 1.0 1.0086900023883303 0.0001732609253721762
60106.91593842553 1.825 0.9749999999999999 1.0088300232006606 0.00011528009059647312 1.0086901067856362 1.0 1.0 1.0 1.0086901067856362 0.00013991641502442143
60106.91631994387 1.825 0.9749999999999999 1.0087202070249022 0.00011453563598040606 1.0086902111829383 1.0 1.0 1.0 1.0086902111829383 2.9995841963836867e-05
60106.91670146222 1.825 0.9749999999999999 1.00862463909401 0.00011457113160342156 1.0086903155802445 1.0 1.0 1.0 1.0086903155802445 -6.567648623456712e-05
60106.91708298056 1.825 0.9749999999999999 1.0086404691700586 0.00011456598455906452 1.0086904199775464 1.0 1.0 1.0 1.0086904199775464 -4.995080748781966e-05
60106.9174644989 1.825 0.9749999999999999 1.0088243217983914 0.00011454143862849498 1.0086905243748505 1.0 1.0 1.0 1.0086905243748505 0.00013379742354091562
60106.91784601725 1.825 0.9749999999999999 1.0087843176885063 0.00011454002485330752 1.0086906287721547 1.0 1.0 1.0 1.0086906287721547 9.36889163516419e-05
60106.9182275356 1.825 0.9749999999999999 1.0087971228688888 0.0001145543183613484 1.0086907331694606 1.0 1.0 1.0 1.0086907331694606 0.00010638969942822207
60106.91860905394 1.825 0.9749999999999999 1.008711092483605 0.00011457417475608443 1.0086908375667627 1.0 1.0 1.0 1.0086908375667627 2.025491684221059e-05
60106.918990572274 1.825 0.9749999999999999 1.0086325944516568 0.00011455639448694287 1.0086909419640648 1.0 1.0 1.0 1.0086909419640648 -5.8347512408074564e-05
60106.919372090626 1.825 0.9749999999999999 1.00856105948799 0.00011451775439609383 1.0086910463613707 1.0 1.0 1.0 1.0086910463613707 -0.00012998687338083847
60106.91975360897 1.825 0.9749999999999999 1.0086357873172813 0.00011452923703257475 1.0086911507586749 1.0 1.0 1.0 1.0086911507586749 -5.5363441393563306e-05
60106.920135127315 1.825 0.9749999999999999 1.0085075852103078 0.00011451376445375344 1.008691255155979 1.0 1.0 1.0 1.008691255155979 -0.00018366994567120543
60106.92051664565 1.825 0.9749999999999999 1.0086178862233826 0.00011452712037610428 1.008691359553281 1.0 1.0 1.0 1.008691359553281 -7.347332989837696e-05
60106.920898164 1.825 0.9749999999999999 1.0087405389689004 0.00011462173306023448 1.008691463950585 1.0 1.0 1.0 1.008691463950585 4.9075018315303254e-05
60106.92127968234 1.825 0.9749999999999999 1.0086267112718614 0.00011458838727518873 1.0086915683478892 1.0 1.0 1.0 1.0086915683478892 -6.485707602776891e-05
60106.921661200686 1.825 0.9749999999999999 1.0086009825736109 0.00011453138837606253 1.0086916727451931 1.0 1.0 1.0 1.0086916727451931 -9.069017158225279e-05
60106.92204271903 1.825 0.9749999999999999 1.0087763394817826 0.00011457034035514612 1.0086917771424972 1.0 1.0 1.0 1.0086917771424972 8.45623392853323e-05
60106.922424237375 1.825 0.9749999999999999 1.0086983651389207 0.00011454573769733405 1.0086918815398014 1.0 1.0 1.0 1.0086918815398014 6.483599119366801e-06
60106.92280575571 1.825 0.9749999999999999 1.0087727764560892 0.00011454284107773658 1.0086919859371033 1.0 1.0 1.0 1.0086919859371033 8.079051898590706e-05
60106.92318727406 1.825 0.9749999999999999 1.0087065908187942 0.00011454874652135649 1.0086920903344074 1.0 1.0 1.0 1.0086920903344074 1.450048438678131e-05
60106.9235687924 1.825 0.9749999999999999 1.0086396710453251 0.00011461764044148566 1.0086921947317113 1.0 1.0 1.0 1.0086921947317113 -5.2523686386196644e-05
60106.923950310746 1.825 0.9749999999999999 1.0087503824711417 0.00011451480817292117 1.0086922991290155 1.0 1.0 1.0 1.0086922991290155 5.808334212620281e-05
60106.92433182908 1.825 0.9749999999999999 1.0087110441817932 0.00011451521464884282 1.0086924035263176 1.0 1.0 1.0 1.0086924035263176 1.864065547563243e-05
60106.924713347435 1.825 0.9749999999999999 1.008644262400766 0.00011453061009997746 1.0086925079236235 1.0 1.0 1.0 1.0086925079236235 -4.824552285742634e-05
60106.92509486577 1.825 0.9749999999999999 1.0087665753455195 0.00011452704979316445 1.0086926123209257 1.0 1.0 1.0 1.0086926123209257 7.396302459383719e-05
60106.925476384116 1.825 0.9749999999999999 1.0085502064903467 0.00011452962304940454 1.0086927167182298 1.0 1.0 1.0 1.0086927167182298 -0.00014251022788314138
60106.92585790245 1.825 0.9749999999999999 1.0087337334239357 0.00011454375303993093 1.0086928211155317 1.0 1.0 1.0 1.0086928211155317 4.0912308403973086e-05
60106.9262394208 1.825 0.9749999999999999 1.008749686087872 0.00011452159512071287 1.0086929255128358 1.0 1.0 1.0 1.0086929255128358 5.6760575036118865e-05
60106.92662093914 1.825 0.9749999999999999 1.0086650393834746 0.00011456076190060532 1.00869302991014 1.0 1.0 1.0 1.00869302991014 -2.799052666535573e-05
60106.92700245749 1.825 0.9749999999999999 1.0086965762523543 0.00011452452615188862 1.008693134307444 1.0 1.0 1.0 1.008693134307444 3.4419449104206024e-06
60106.927383975824 1.825 0.9749999999999999 1.0087731864706915 0.00011450338596261018 1.008693238704746 1.0 1.0 1.0 1.008693238704746 7.994776594544284e-05
60106.92776549416 1.825 0.9749999999999999 1.0087068387938143 0.00011452515473740254 1.0086933431020482 1.0 1.0 1.0 1.0086933431020482 1.3495691766118867e-05
60106.928147012506 1.825 0.9749999999999999 1.0086388186197812 0.00011454657956002959 1.008693447499352 1.0 1.0 1.0 1.008693447499352 -5.46288795708616e-05
60106.92852853086 1.825 0.9749999999999999 1.0085798494888032 0.0001145214122460333 1.0086935518966582 1.0 1.0 1.0 1.0086935518966582 -0.00011370240785502084
60106.928910049195 1.825 0.9749999999999999 1.0084689252629218 0.00011453182151602543 1.0086936562939604 1.0 1.0 1.0 1.0086936562939604 -0.00022473103103859415
60106.92929156753 1.825 0.9749999999999999 1.0086596592835786 0.00011455428843628067 1.0086937606912623 1.0 1.0 1.0 1.0086937606912623 -3.41014076836732e-05
60106.92967308588 1.825 0.9749999999999999 1.008778912018452 0.00011458907239866853 1.0086938650885664 1.0 1.0 1.0 1.0086938650885664 8.5046929885646e-05
60106.930054604214 1.825 0.9749999999999999 1.0087189599011337 0.0001145213364745983 1.0086939694858685 1.0 1.0 1.0 1.0086939694858685 2.4990415265158106e-05
