1-transit analysis/LC/wasp-107b/jwst/1/S5_wasp-107b_ap9_bg14_Table_Save_ch0.txt
# %ECSV 1.0
# ---
# datatype:
# - {name: time, datatype: float64}
# - {name: wavelength, datatype: float64}
# - {name: bin_width, datatype: float64}
# - {name: lcdata, datatype: float64}
# - {name: lcerr, datatype: float64}
# - {name: polynomial, datatype: float64}
# - {name: ypos, datatype: float64}
# - {name: ywidth, datatype: float64}
# - {name: astrophysical model, datatype: float64}
# - {name: model, datatype: float64}
# - {name: residuals, datatype: float64}
# schema: astropy-2.0
time wavelength bin_width lcdata lcerr polynomial ypos ywidth "astrophysical model" model residuals
[from data line 432]
59958.1833908278 3.225 0.7749999999999999 1.0081773484008085 0.0005275013175804316 1.0071296356797874 0.9999935605600251 0.9999981943068058 1.0 1.0071213317735332 0.0010560166272752802
59958.183624892896 3.225 0.7749999999999999 1.0069266301691668 0.0005274052951820628 1.0071292977643969 0.9999954331937202 1.0000021178808516 1.0 1.0071268313701092 -0.0002002012009423293
59958.183858958 3.225 0.7749999999999999 1.0077749309119626 0.0005274866295219952 1.0071289598489956 0.999998709425236 0.9999984083407688 1.0 1.007126057069739 0.000648873842223674
59958.184093023105 3.225 0.7749999999999999 1.0063867381253222 0.0005274704547403807 1.0071286219335946 1.0000094581383467 0.9999979738969734 1.0 1.007136106929785 -0.0007493688044628577
59958.1843270882 3.225 0.7749999999999999 1.007860277794616 0.0005276408082663837 1.0071282840182039 0.9999831932424879 1.0000012597494976 1.0 1.0071126261653773 0.0007476516292386215
59958.1845611533 3.225 0.7749999999999999 1.0073854432197613 0.0005275847175806588 1.0071279461028133 1.0000007299308749 1.0000029215438808 1.0 1.0071316236072319 0.00025381961252946006
59958.1847952184 3.225 0.7749999999999999 1.0070111317443358 0.0005274760187051851 1.007127608187412 1.0000027716420807 0.9999995561224981 1.0 1.0071299525421458 -0.00011882079781000421
59958.18502928351 3.225 0.7749999999999999 1.007403982786802 0.0005275928505144179 1.007127270272011 1.0000042132636564 1.0000005961699028 1.0 1.0071321139862328 0.00027186880056917495
59958.185263348605 3.225 0.7749999999999999 1.0082178404603908 0.0005278371453166944 1.0071269323566203 1.00000296335545 1.0000008050172247 1.0 1.0071307275886345 0.001087112871756224
59958.1854974137 3.225 0.7749999999999999 1.007056802756206 0.0005274237347876882 1.0071265944412298 0.9999970097265846 0.999997228363493 1.0 1.0071207914768592 -6.39887206532741e-05
59958.18573147881 3.225 0.7749999999999999 1.0065795400201594 0.0005275916482692326 1.0071262565258285 0.9999912232188797 0.999999735296 1.0 1.0071171506111056 -0.0005376105909462581
59958.18596554391 3.225 0.7749999999999999 1.0081813789746603 0.000527394416743895 1.0071259186104276 1.0000103495932222 0.9999991152577283 1.0 1.0071354508979136 0.0010459280767467494
59958.18619960901 3.225 0.7749999999999999 1.0064953517991446 0.0005274112150879106 1.0071255806950368 1.0000007437761642 0.9999965826882655 1.0 1.0071228881064131 -0.000627536307268528
59958.186433674106 3.225 0.7749999999999999 1.007605276728708 0.0005273183870531438 1.0071252427796462 0.9999928859616216 0.9999983563242901 1.0 1.0071164226764955 0.0004888540522125506
59958.18666773921 3.225 0.7749999999999999 1.0074557074403 0.0005275927834146665 1.007124904864245 0.9999653367732902 1.0000012186710798 1.0 1.007091221976794 0.00036448546350609234
59958.18690180431 3.225 0.7749999999999999 1.0076076789056005 0.0005272178073744475 1.0071245669488544 1.0000012685036077 0.9999994531302939 1.0 1.0071252937233865 0.00048238518221399573
59958.18713586941 3.225 0.7749999999999999 1.0068874080921906 0.0005274204809404873 1.0071242290334534 0.9999949406704883 0.9999980771917177 1.0 1.007117197163108 -0.00022978907091752987
59958.18736993451 3.225 0.7749999999999999 1.0072288910565603 0.0005274910378506876 1.0071238911180627 0.9999984539185143 1.0000003873453487 1.0 1.0071227241266125 0.00010616692994780408
59958.18760399961 3.225 0.7749999999999999 1.0066695737547748 0.0005271397740713033 1.0071235532026617 1.0000053834627713 1.0000008754494745 1.0 1.0071298567053484 -0.00046028295057354285
59958.18783806471 3.225 0.7749999999999999 1.007086268169044 0.0005273168986383416 1.007123215287271 0.9999954524590225 0.9999994759866312 1.0 1.0071181076095512 -3.183944050721976e-05
59958.188072129815 3.225 0.7749999999999999 1.0070178178240454 0.000527236076236798 1.00712287737187 0.9999922673686716 0.9999997542605568 1.0 1.0071148421740552 -9.702435000980003e-05
59958.18830619491 3.225 0.7749999999999999 1.0062467702099078 0.0005271877393786169 1.0071225394564791 1.0000079277553897 0.9999966939561113 1.0 1.0071271940599065 -0.0008804238499986461
59958.18854026002 3.225 0.7749999999999999 1.0071379574551453 0.000527301893094948 1.0071222015410781 1.0000005949101698 1.0000032128046015 1.0 1.0071260363770862 1.1921078059140555e-05
59958.18877432511 3.225 0.7749999999999999 1.0073045883170042 0.0005272374876666011 1.0071218636256873 1.0000057461024645 0.9999997449913073 1.0 1.0071273938248044 0.00017719449219977257
59958.18900839022 3.225 0.7749999999999999 1.0070839306039494 0.0005274369506679813 1.0071215257102863 1.0000031508013387 0.9999992782758061 1.0 1.0071239720838765 -4.004147992708873e-05
59958.189242455315 3.225 0.7749999999999999 1.0066803080038242 0.0005274338948740011 1.0071211877948956 1.0000019270676006 0.9999980405906016 1.0 1.007121155218983 -0.00044084721515869063
59958.18947652042 3.225 0.7749999999999999 1.0069953022818234 0.0005273695626838707 1.0071208498794946 0.9999950412310584 1.0000023405881382 1.0 1.0071182130433296 -0.00012291076150616753
59958.18971058552 3.225 0.7749999999999999 1.0075835491361997 0.0005274064974285366 1.0071205119641038 1.0000033480360662 0.9999986888241631 1.0 1.0071225633233996 0.00046098581280018536
59958.18994465062 3.225 0.7749999999999999 1.0071130046578627 0.0005276228735383243 1.0071201740487028 0.9999855744166641 1.0000038788837768 0.999994552118677 1.007104065585134 8.939072728697539e-06
59958.19017871572 3.225 0.7749999999999999 1.0081048540255615 0.0005274670820865667 1.0071198361333122 1.000012234952433 0.999997040991694 0.9999269108377059 1.0070555678562323 0.0010492861693292
59958.19041278082 3.225 0.7749999999999999 1.0070012913805224 0.0005272388718274754 1.007119498217911 1.0000112933845922 0.999999905180379 0.9998193239299141 1.0069488120792047 5.247930131768719e-05
59958.19064684592 3.225 0.7749999999999999 1.007099705538063 0.0005273399967714178 1.0071191603025205 1.000005001558001 1.0000018325372437 0.999683134842753 1.0068069199080139 0.0002927856300491971
59958.190880911025 3.225 0.7749999999999999 1.0066589141824398 0.0005272627957675566 1.0071188223871193 1.0000030162570421 0.9999993142895154 0.9995234208210402 1.0066411965422568 1.771764018299038e-05
59958.19111497612 3.225 0.7749999999999999 1.0059656237323336 0.000527232669614285 1.0071184844717287 1.0000009786886945 1.0000009548293298 0.9993433355470587 1.0064590915670482 -0.0004934678347146004
59958.191349041226 3.225 0.7749999999999999 1.0064498185778261 0.0005273482005295915 1.0071181465563275 1.0000204194683178 1.0000003879734065 0.9991451178879183 1.0062781169136725 0.00017170166415358956
59958.191583106316 3.225 0.7749999999999999 1.005656536537512 0.0005272345925716975 1.0071178086409474 1.0000067563162531 1.0000023459383398 0.9989304839819979 1.0060498372669369 -0.00039330072942478367
59958.19181717142 3.225 0.7749999999999999 1.0056393008452045 0.0005272826909020633 1.0071174707255461 1.000007158762035 0.9999972063524778 0.9987008173692832 1.0058134316520155 -0.00017413080681105697
"" 3.225 0.7749999999999999 "" "" "" 0.9999981004700738 1.0000024196854451 0.9984572744844532 "" ""
59958.19228530162 3.225 0.7749999999999999 1.004782097524899 0.0005269133712761263 1.0071167948947544 0.9999993669965066 1.0000017876470286 0.9982008484958167 1.0053059999659273 -0.000523902441028179
59958.19251936672 3.225 0.7749999999999999 1.0050835877820277 0.0005269649132850551 1.0071164569793638 0.9999976381012503 0.9999996527864643 0.9979324107808337 1.005031431100919 5.215668110869487e-05
59958.192753431824 3.225 0.7749999999999999 1.004731298863082 0.0005267801045831187 1.0071161190639626 1.0000230394902854 1.0000002759944862 0.997652739078405 1.0047755810441275 -4.4282181045351976e-05
59958.19298749692 3.225 0.7749999999999999 1.0041059451925993 0.000526723884027768 1.007115781148572 0.9999851229120859 1.0000018313206323 0.9973625375712323 1.0044464471414596 -0.0003405019488602612
59958.193221562025 3.225 0.7749999999999999 1.0036955066932862 0.0005265537462728327 1.007115443233171 0.9999806619208369 1.000000736981028 0.9970624514908019 1.0041383143272347 -0.0004428076339484388
59958.19345562712 3.225 0.7749999999999999 1.0042123183387877 0.0005267736354021427 1.0071151053177803 0.9999890636785973 1.0000031581355533 0.996753078249611 1.0038372732489003 0.0003750450898873936
59958.19368969223 3.225 0.7749999999999999 1.0036403958290467 0.0005263658622572963 1.0071147674023793 0.999997502860946 0.9999975614091009 0.9964349759027685 1.003519425868687 0.00012096996035970697
59958.193923757324 3.225 0.7749999999999999 1.0027989181551336 0.0005262869186720299 1.0071144294869885 0.9999966444052034 1.0000012918548975 0.9961086699511305 1.0031933445061227 -0.00039442635098918544
59958.19415782243 3.225 0.7749999999999999 1.0024933104906266 0.0005264877494822685 1.0071140915715875 1.000012696882921 1.0000015828297855 0.9957746586613396 1.0028730113218665 -0.00037970083123983756
59958.194391887526 3.225 0.7749999999999999 1.002995844789551 0.0005265817242001334 1.0071137536561967 1.0000016054621599 0.9999976070578561 0.9954334175541559 1.0025138962036821 0.00048194858586891876
59958.19462595263 3.225 0.7749999999999999 1.0019409988771049 0.0005262699391632453 1.0071134157407957 1.0000005970161359 1.0000007267019397 0.9950854029754777 1.0021651857272893 -0.00022418685018443796
59958.19486001773 3.225 0.7749999999999999 1.0013311941329697 0.0005260115297131872 1.007113077825405 1.0000054932044737 0.9999980521121006 0.9947310552553906 1.001810206377787 -0.00047901224481727844
59958.195094082825 3.225 0.7749999999999999 1.0007973883920285 0.0005258340675740705 1.0071127399100144 0.9999940745786586 1.0000010741807683 0.994370801256123 1.0014386438898468 -0.0006412554978183493
59958.19532814792 3.225 0.7749999999999999 1.0009130288682468 0.0005258562489325977 1.0071124019946238 1.000014198368438 1.0000016535309786 0.9940050566842364 1.0010906891929252 -0.00017766032467836368
59958.195562213026 3.225 0.7749999999999999 1.0015738483371488 0.0005257802936411399 1.0071120640792226 1.0000077788268364 0.9999975180740671 0.9936342280580763 1.0007063189541425 0.0008675293830062714
59958.19579627812 3.225 0.7749999999999999 1.0005216826640109 0.0005257571643822415 1.007111726163832 0.9999921840594886 1.0000007626769893 0.9932587145226549 1.000315442966028 0.00020623969798294617
59958.19603034322 3.225 0.7749999999999999 0.9996018213299538 0.0005254055154925173 1.0071113882484413 1.0000024361266544 1.0000007761196035 0.9928789093744191 0.9999428688369808 -0.0003410475070270147
59958.196264408325 3.225 0.7749999999999999 1.0006705804476244 0.0005258267229109523 1.0071110503330403 0.9999918103193522 0.9999987290682715 0.9924952015519738 0.9995434285135211 0.0011271519341032876
59958.19649847343 3.225 0.7749999999999999 0.9997479428739978 0.0005254617400680859 1.007110712417639 1.0000131112968358 1.0000022323919342 0.9921079770109109 0.9991779023914541 0.0005700404825437211
59958.19673253853 3.225 0.7749999999999999 0.9988099261615943 0.0005255187186370453 1.0071103745022485 1.000016091321581 0.9999972253553728 0.9917176199710216 0.9987824038904062 2.7522271188074043e-05
59958.196966603624 3.225 0.7749999999999999 0.9990767513518057 0.0005250764407871956 1.007110036586858 0.9999941585490079 0.9999993951390034 0.991324514104733 0.9983664318500082 0.0007103195017975628
59958.19720066873 3.225 0.7749999999999999 0.9980849384134787 0.0005249463827882799 1.0071096986714567 0.999983494804101 1.0000031262257645 0.9909290437367654 0.9979608987233397 0.0001240396901389662
59958.19743473383 3.225 0.7749999999999999 0.9974383769375843 0.000525035706654241 1.0071093607560555 1.0000096483885694 0.999998811933116 0.9905315950259412 0.9975820812577283 -0.00014370432014398915
59958.19766879892 3.225 0.7749999999999999 0.9962417394529292 0.0005246302388875067 1.0071090228406754 0.9999947743388702 1.0000026089595804 0.9901325571088172 0.9971688227589739 -0.0009270833060447403
59958.19790286402 3.225 0.7749999999999999 0.9957801102403451 0.0005245028235219272 1.0071086849252848 0.9999969501801619 1.0000001164849937 0.989732323196285 0.9967650945875429 -0.0009849843471978481
59958.198136929124 3.225 0.7749999999999999 0.9959840724307952 0.0005244565232614479 1.0071083470098836 1.0000059715161018 1.0000006112930058 0.9893312918771386 0.9963703608838852 -0.00038628845308996684
59958.19837099423 3.225 0.7749999999999999 0.9967918807846642 0.0005247383866168061 1.0071080090944826 0.9999957471058948 1.0000000327676124 0.9889298683496721 0.9959549877738013 0.0008368930108628714
59958.198605059326 3.225 0.7749999999999999 0.9956415751902901 0.0005243778707420857 1.0071076711790918 1.0000011375294702 0.9999997101727757 0.9885284657367824 0.9955554449559545 8.613023433556855e-05
59958.19883912442 3.225 0.7749999999999999 0.9955924223578136 0.0005245229384752379 1.0071073332637013 1.0000161320220091 1.0000007333828018 0.988127506482485 0.9951672416051814 0.0004251807526322038
59958.19907318953 3.225 0.7749999999999999 0.9950945846444671 0.0005241002967684462 1.0071069953483 0.9999967987909647 0.9999985132793471 0.9877274239180167 0.9947425348250024 0.0003520498194646837
59958.19930725463 3.225 0.7749999999999999 0.993992142481623 0.0005239017284000754 1.007106657432899 1.0000033252635683 0.9999965605094326 0.9873286639774455 0.9943451569735662 -0.0003530144919431377
59958.19954131972 3.225 0.7749999999999999 0.9936472781825979 0.0005237090757175943 1.007106319517519 0.9999839392196264 0.9999990574434274 0.9869316870613137 0.9939282386024779 -0.0002809604198800164
59958.19977538482 3.225 0.7749999999999999 0.993455853366648 0.0005239372413700826 1.0071059816021282 1.0000033748577395 1.0000000951404113 0.986536970068825 0.9935507312355094 -9.487786886142047e-05
59958.20000944992 3.225 0.7749999999999999 0.9930128068435442 0.0005237614435240731 1.0071056436867272 0.9999848270514407 1.0000022538939288 0.9861450088871789 0.9931393733222325 -0.00012656647868825033
59958.20024351502 3.225 0.7749999999999999 0.9932945021204617 0.0005240210213812885 1.0071053057713364 1.0000013958752778 1.0000009979625375 0.9857563211211927 0.9927627977076073 0.000531704412854328
59958.200477580125 3.225 0.7749999999999999 0.9922186319816491 0.0005235660413428382 1.0071049678559354 0.9999810047471341 1.00000078112134 0.9853714492035782 0.9923544064586979 -0.00013577447704882228
59958.20071164522 3.225 0.7749999999999999 0.9918310044598783 0.0005233888998800792 1.0071046299405448 1.0000026191162004 0.9999982359902366 0.9849909642280438 0.9919898087752269 -0.00015880431534864847
59958.20094571033 3.225 0.7749999999999999 0.9914146043539896 0.0005233094765823369 1.0071042920251436 0.9999967267949886 1.0000032689988154 0.9846154702933116 0.9916104619452311 -0.00019585759124141067
59958.20117977542 3.225 0.7749999999999999 0.9920777173497068 0.0005235250949137975 1.0071039541097635 0.9999977248406262 1.0000014378411444 0.9842456099522024 0.9912368156134461 0.0008409017362607241
59958.20141384052 3.225 0.7749999999999999 0.9906602822599652 0.0005229843639489371 1.0071036161943623 1.0000140562717719 0.9999994122993351 0.9838820705928586 0.9908845368137758 -0.0002242545538105878
59958.20164790562 3.225 0.7749999999999999 0.9897419903145537 0.000523152353856978 1.0071032782789717 1.000013177746083 0.9999993049887549 0.983525592678303 0.9905242129452764 -0.0007822226307226954
59958.20188197072 3.225 0.7749999999999999 0.9904131629657729 0.0005232901076722535 1.0071029403635705 0.9999762049715858 0.9999983409764357 0.9831769797904011 0.9901352236887937 0.00027793927697916665
59958.20211603582 3.225 0.7749999999999999 0.9905618696879755 0.0005230460968026035 1.00710260244818 1.000010807054981 0.9999969776106395 0.9828371118074153 0.9898255184522702 0.0007363512357053681
