1-transit analysis/LC/wasp-107b/jwst/1/S5_wasp-107b_ap9_bg14_Table_Save_ch0.txt
# %ECSV 1.0
# ---
# datatype:
# - {name: time, datatype: float64}
# - {name: wavelength, datatype: float64}
# - {name: bin_width, datatype: float64}
# - {name: lcdata, datatype: float64}
# - {name: lcerr, datatype: float64}
# - {name: polynomial, datatype: float64}
# - {name: ypos, datatype: float64}
# - {name: ywidth, datatype: float64}
# - {name: astrophysical model, datatype: float64}
# - {name: model, datatype: float64}
# - {name: residuals, datatype: float64}
# schema: astropy-2.0
time wavelength bin_width lcdata lcerr polynomial ypos ywidth "astrophysical model" model residuals
[from data line 87]
59958.102638366785 3.225 0.7749999999999999 1.0075363072517798 0.0005276091543818563 1.007246216493147 1.0000067151597738 0.9999998778070623 1.0 1.0072528572332218 0.0002834500185580069
59958.1028724319 3.225 0.7749999999999999 1.0060812749264878 0.0005272332298751953 1.0072458785777354 1.0000173020502447 0.9999981973549161 1.0 1.0072614902582888 -0.0011802153318010156
59958.103106497 3.225 0.7749999999999999 1.00690692219177 0.000527416340448108 1.0072455406623342 1.0000032958126708 1.0000009257243596 1.0 1.007249792789756 -0.0003428705979859892
59958.10334056211 3.225 0.7749999999999999 1.0074923218792178 0.0005273127201964931 1.0072452027469225 0.9999823379592665 0.9999998486751652 1.0 1.0072272603226011 0.00026506155661665254
59958.10357462722 3.225 0.7749999999999999 1.0072024851739003 0.0005272910985179093 1.0072448648315215 0.9999901065280367 0.9999989841202055 1.0 1.0072338764531084 -3.1391279208037304e-05
59958.10380869233 3.225 0.7749999999999999 1.006814530907746 0.0005274759033970765 1.0072445269161099 1.0000035449690388 1.00000049456782 1.0 1.0072485957192683 -0.00043406481152219456
59958.10404275743 3.225 0.7749999999999999 1.0080923490351883 0.0005274973617456521 1.0072441890007087 1.0000055455487071 0.9999990950130118 1.0 1.0072488631744787 0.0008434858607095919
59958.104276822545 3.225 0.7749999999999999 1.0075055976411291 0.0005274455783572024 1.007243851085297 1.000020136480366 0.9999979180687036 1.0 1.0072620363766052 0.00024356126452396154
59958.10451088765 3.225 0.7749999999999999 1.0075172973189541 0.0005276411573301559 1.007243513169896 1.0000061443410635 1.000000644736186 1.0 1.0072503514279063 0.0002669458910478095
59958.10474495276 3.225 0.7749999999999999 1.0078406462702247 0.0005277936356001213 1.0072431752544844 0.9999989706646915 0.999998831375144 1.0 1.0072409613753208 0.000599684894903918
59958.104979017866 3.225 0.7749999999999999 1.0077814008557735 0.0005274542876882381 1.0072428373390832 1.000004413721881 0.9999938077811402 1.0 1.0072410459332115 0.0005403549225619919
59958.10521308298 3.225 0.7749999999999999 1.0072440131364115 0.0005272548876549666 1.0072424994236715 1.0000185879682557 0.9999938266758469 1.0 1.0072550038652461 -1.099072883459229e-05
59958.10544714808 3.225 0.7749999999999999 1.0075106457562342 0.0005274797565174775 1.0072421615082705 1.0000095913834517 0.9999980410319155 1.0 1.0072498491798971 0.00026079657633704123
59958.10568121319 3.225 0.7749999999999999 1.0071969574738646 0.0005273173558727722 1.0072418235928693 1.0000304836015426 0.9999970616699475 1.0 1.0072695682521366 -7.261077827203088e-05
59958.10591527829 3.225 0.7749999999999999 1.0080865525448606 0.0005276055452054949 1.007241485677468 0.9999923531737325 0.9999997805414751 1.0 1.0072335624307773 0.0008529901140832408
59958.1061493434 3.225 0.7749999999999999 1.0074749331443114 0.0005275096628276397 1.0072411477620564 1.000010439459419 1.0000003646972322 1.0 1.0072520301570371 0.00022290298727423163
59958.10638340851 3.225 0.7749999999999999 1.0068292920567774 0.000527178213569217 1.0072408098466554 1.0000011799282211 0.9999985544667594 1.0 1.0072405423167226 -0.00041125025994515063
59958.10661747362 3.225 0.7749999999999999 1.0062433810203362 0.0005272455391013189 1.0072404719312438 1.0000288457239603 1.0000011668607154 1.0 1.007270701855099 -0.0010273208347628682
59958.10685153872 3.225 0.7749999999999999 1.0078863045796902 0.0005277006312573203 1.0072401340158426 0.9999958174499265 1.000001413417653 1.0 1.0072373448285776 0.0006489597511125655
59958.107085603835 3.225 0.7749999999999999 1.0081243766675887 0.0005277410523789773 1.007239796100431 1.0000140526653019 0.9999960970637666 1.0 1.0072500192562246 0.0008743574113641017
59958.10731966894 3.225 0.7749999999999999 1.0066315552820126 0.0005274333783422704 1.00723945818503 1.0000026010406216 0.999997896531583 1.0 1.0072399593538768 -0.0006084040718641326
59958.10755373405 3.225 0.7749999999999999 1.006973193068614 0.000527224239835342 1.0072391202696183 1.0000050769768516 0.9999977022654466 1.0 1.0072419196194358 -0.00026872655082166297
59958.107787799156 3.225 0.7749999999999999 1.0082221331736172 0.0005277268999904027 1.007238782354217 0.999995901097002 0.9999971900965934 1.0 1.0072318235480675 0.0009903096255496902
59958.10802186426 3.225 0.7749999999999999 1.0075372630709538 0.0005274641635179825 1.0072384444388158 0.9999977152665793 0.9999997249657319 1.0 1.0072358661430239 0.0003013969279299644
59958.108255929365 3.225 0.7749999999999999 1.0069693002718574 0.0005272740289521075 1.0072381065234148 0.9999834722737277 1.0000036585505867 1.0 1.0072251441383597 -0.0002558438665023477
59958.108489994476 3.225 0.7749999999999999 1.0072600734928314 0.0005273993705776562 1.0072377686080032 0.9999962940962737 1.0000020101072526 1.0 1.007236060530244 2.4012962587471876e-05
59958.10872405958 3.225 0.7749999999999999 1.0066242645282808 0.0005273038576704244 1.007237430692602 0.999987934891241 1.0000023894386383 1.0 1.0072276849664519 -0.0006034204381710762
59958.10895812469 3.225 0.7749999999999999 1.0071296873446753 0.0005275681172480686 1.0072370927771903 1.0000006053447863 1.0000023074385536 1.0 1.0072400266420203 -0.0001103392973449413
59958.1091921898 3.225 0.7749999999999999 1.007124494276333 0.0005275139547971557 1.0072367548617893 1.0000069263777318 0.9999965327288456 1.0 1.0072402389768835 -0.00011574470055042418
59958.10942625491 3.225 0.7749999999999999 1.007672533674475 0.0005274730810510267 1.0072364169463777 1.0000108131051622 0.9999978681454699 1.0 1.0072451609949402 0.00042737267953474323
59958.10966032001 3.225 0.7749999999999999 1.007127839844374 0.0005272903732731196 1.0072360790309764 0.9999933513131406 1.000000936486474 1.0 1.007230325490386 -0.00010248564601211818
59958.10989438512 3.225 0.7749999999999999 1.0080128941382784 0.0005276991816512287 1.0072357411155752 1.0000073080341012 0.9999979781101933 1.0 1.0072410654941586 0.000771828644119843
59958.11012845022 3.225 0.7749999999999999 1.0069952329423673 0.0005274491651486022 1.0072354032001742 0.9999983857505121 1.0000005033185795 1.0 1.0072342842304145 -0.00023905128804724285
59958.110362515334 3.225 0.7749999999999999 1.0073817228761233 0.0005274550153187926 1.0072350652847626 0.9999968804499672 0.9999993866495851 1.0 1.0072313053784636 0.0001504174976596495
59958.11059658044 3.225 0.7749999999999999 1.006373054886063 0.0005272466818117131 1.0072347273693614 1.0000190380622536 1.0000008549380084 1.0 1.007254764306451 -0.0008817094203878995
59958.11083064555 3.225 0.7749999999999999 1.0073751221706548 0.0005276066784853737 1.0072343894539497 1.000000930540576 1.0000025956904963 1.0 1.0072379411975836 0.0001371809730712492
59958.111064710654 3.225 0.7749999999999999 1.0076285176437731 0.0005275189856064609 1.0072340515385487 1.000001440785274 1.000001155097171 1.0 1.0072366662014174 0.00039185144235576175
59958.11129877576 3.225 0.7749999999999999 1.0066612179441814 0.0005274430321314618 1.0072337136231475 1.000004407400821 1.000001964796204 1.0 1.0072401319235431 -0.0005789139793617171
59958.11153284086 3.225 0.7749999999999999 1.0069141621165287 0.0005275016688459113 1.0072333757077463 0.9999973767727972 0.9999982962015997 1.0 1.007229017387643 -0.00031485527111430045
59958.111766905975 3.225 0.7749999999999999 1.008002492268066 0.0005275249060439326 1.0072330377923346 1.000030082615654 0.9999977381630821 1.0 1.0072610597312808 0.0007414325367851582
59958.11200097108 3.225 0.7749999999999999 1.0067119269881912 0.0005272501644386101 1.0072326998769336 1.0000057249035772 0.9999972856571018 1.0 1.0072357321964427 -0.0005238052082514599
59958.112235036184 3.225 0.7749999999999999 1.0075637362261447 0.0005274386948395209 1.0072323619615324 0.9999879628952747 1.000002573397616 1.0 1.0072228297782673 0.0003409064478774315
59958.112469101296 3.225 0.7749999999999999 1.0065903880682838 0.0005273521213045355 1.0072320240461208 1.0000012302938028 0.9999990732563583 1.0 1.0072323297904155 -0.0006419417221317225
59958.11270316641 3.225 0.7749999999999999 1.007681793087657 0.0005277626005658103 1.0072316861307091 0.9999894588346816 1.000003575922196 1.0 1.0072246704791674 0.000457122608489513
59958.11293723151 3.225 0.7749999999999999 1.006967674407604 0.0005272904317326465 1.0072313482153081 1.000005775003803 0.9999984630563451 1.0 1.007235616913405 -0.00026794250580097767
59958.11317129661 3.225 0.7749999999999999 1.0068605551652101 0.0005274831934422815 1.0072310102999174 1.000010542507107 0.999998479217223 1.0 1.00724009724428 -0.0003795420790699833
59958.11340536172 3.225 0.7749999999999999 1.006490980974448 0.0005271582107539825 1.0072306723845057 0.9999932085276789 1.0000031921969545 1.0 1.0072270470621218 -0.0007360660876738478
59958.11363942683 3.225 0.7749999999999999 1.0068649897169752 0.000527484950944453 1.0072303344690943 0.9999919596704053 1.0000028752221755 1.0 1.007225131992936 -0.00036014227596070647
59958.11387349194 3.225 0.7749999999999999 1.0075972213609636 0.0005279381824182045 1.007229996553693 1.000002740255092 0.9999993070253906 1.0 1.007232058634094 0.0003651627268697055
59958.11410755704 3.225 0.7749999999999999 1.0072081243905058 0.0005274733393127126 1.0072296586382918 0.9999891877554608 1.0000013561046774 1.0 1.0072201341189981 -1.2009728492357041e-05
59958.114341622146 3.225 0.7749999999999999 1.0071039727726112 0.0005275268120411204 1.0072293207228908 1.0000173807439008 0.9999986742575874 1.0 1.007245491767925 -0.00014151899531378298
59958.11457568726 3.225 0.7749999999999999 1.005909810385809 0.0005271057975744165 1.0072289828074792 1.0000023471975672 0.9999968767018443 1.0 1.007228201089089 -0.0013183907032798814
59958.11480975236 3.225 0.7749999999999999 1.0070671174560324 0.000527105783740787 1.007228644892078 1.0000154184966665 0.9999995692427733 1.0 1.0072437409658743 -0.0001766235098419333
59958.115043817466 3.225 0.7749999999999999 1.0083341521008977 0.0005277065145641918 1.0072283069766768 0.9999889765265743 0.9999966100469816 1.0 1.007213789403201 0.001120362697696775
59958.11527788258 3.225 0.7749999999999999 1.0069536684592284 0.0005272855901953005 1.0072279690612653 0.9999997149303879 1.0000012396718425 1.0 1.0072289305629751 -0.00027526210374673177
59958.11551194768 3.225 0.7749999999999999 1.007643301197923 0.0005275627973302378 1.007227631145864 0.999998386722604 1.0000017528971252 1.0 1.0072277717718647 0.0004155294260581588
59958.11574601279 3.225 0.7749999999999999 1.007194834431826 0.0005275037566827653 1.007227293230463 1.000002088957182 1.0000049969724516 1.0 1.0072344303827017 -3.959595087565937e-05
59958.11598007789 3.225 0.7749999999999999 1.0067092480061788 0.0005271864636086126 1.007226955315062 0.9999904141185911 0.9999976890767587 1.0 1.0072149725550485 -0.0005057245488697681
59958.116214143 3.225 0.7749999999999999 1.007857105905166 0.0005276685690861288 1.0072266173996502 0.9999844244614758 1.0000033538131774 1.0 1.0072143072999555 0.0006427986052104373
59958.116448208115 3.225 0.7749999999999999 1.0075672928329893 0.0005274538061728697 1.0072262794842386 0.999997062762813 0.9999986972375514 1.0 1.0072220088490347 0.000345283983954614
59958.11668227321 3.225 0.7749999999999999 1.0068620840922309 0.000527333814378876 1.0072259415688478 1.0000009396811744 0.9999989354955485 1.0 1.0072258158425975 -0.00036373175036663596
59958.11691633832 3.225 0.7749999999999999 1.0063460376475484 0.0005273239866627693 1.0072256036534468 0.9999999432535447 0.999997740921797 1.0 1.0072232710956865 -0.0008772334481381705
59958.11715040343 3.225 0.7749999999999999 1.0071535294046268 0.0005273725545829374 1.0072252657380352 1.000006877398759 1.0000002272650008 1.0 1.0072324217364528 -7.889233182600819e-05
59958.11738446853 3.225 0.7749999999999999 1.0071353382595025 0.0005275241241627897 1.007224927822634 0.9999942965344989 0.9999983654970018 1.0 1.0072175368472316 -8.219858772906541e-05
59958.117618533644 3.225 0.7749999999999999 1.0069724695489215 0.0005273719026398494 1.0072245899072223 1.000013821248256 1.0000000437447751 1.0 1.0072385550697511 -0.00026608552082962866
59958.11785259874 3.225 0.7749999999999999 1.0071164156137618 0.0005274911292879035 1.0072242519918317 0.9999978508296796 1.0000003803829896 1.0 1.0072224704255122 -0.0001060548117504112
59958.11808666385 3.225 0.7749999999999999 1.0068558549490214 0.0005272464154130718 1.00722391407642 1.00001408178314 1.0000003278132754 1.0 1.0072384277711715 -0.0003825728221500402
59958.11832072896 3.225 0.7749999999999999 1.0074829292419254 0.0005274361316362395 1.0072235761610189 1.000011045819482 1.0000001128862164 1.0 1.0072348154737336 0.0002481137681917822
59958.11855479407 3.225 0.7749999999999999 1.0074566905991242 0.0005277997456914719 1.0072232382456074 0.9999893443590723 1.0000011305693004 1.0 1.0072136443599846 0.00024304623913962153
59958.11878885917 3.225 0.7749999999999999 1.0072388994520576 0.000527341306227632 1.0072229003302167 0.9999903839954281 1.0000008194855678 1.0 1.0072140402668956 2.485918516192953e-05
59958.11902292428 3.225 0.7749999999999999 1.0070490310454274 0.0005274342850721787 1.007222562414805 0.9999911685282518 0.9999998006517888 1.0 1.0072134663709582 -0.00016443532553078732
59958.11925698938 3.225 0.7749999999999999 1.0078143144187013 0.0005276574833914416 1.007222224499404 1.000008783584755 1.0000008240650409 1.0 1.0072319015450941 0.0005824128736071632
59958.119491054495 3.225 0.7749999999999999 1.0062118750775937 0.0005271478676517948 1.0072218865839924 1.0000063554180498 0.9999979255467253 1.0 1.0072261984521305 -0.0010143233745367741
59958.1197251196 3.225 0.7749999999999999 1.0075454196969753 0.0005275782809621619 1.0072215486685911 0.9999906328864253 0.9999985112259602 1.0 1.007210614398702 0.000334805298273233
59958.1199591847 3.225 0.7749999999999999 1.007477902782349 0.0005276641260518265 1.00722121075319 0.9999992495555321 1.0000040015066984 1.0 1.0072244852890015 0.0002534174933475075
59958.12019324981 3.225 0.7749999999999999 1.0074661682276016 0.0005272524511407583 1.007220872837789 0.9999865672972679 0.9999997446871853 1.0 1.0072070859862767 0.00025908224132487057
59958.12042731492 3.225 0.7749999999999999 1.0075009350879418 0.0005275966210187207 1.0072205349223773 1.0000050436422077 1.000000278889225 1.0 1.007225895886751 0.0002750392011907632
59958.120661380024 3.225 0.7749999999999999 1.0075295904938089 0.0005275286458647574 1.007220197006976 1.0000006317224754 1.000004605245446 1.0 1.007225471789768 0.000304118704040901
59958.12089544513 3.225 0.7749999999999999 1.0067384946531355 0.0005274517476009627 1.007219859091575 1.0000038890399054 0.9999983479243505 1.0 1.0072221121999263 -0.0004836175467908266
59958.12112951023 3.225 0.7749999999999999 1.0075682084529338 0.0005276852567106189 1.0072195211761739 0.9999960203913468 0.9999991992532875 1.0 1.007214706312141 0.00035350214079277187
59958.121363575345 3.225 0.7749999999999999 1.0075659933781722 0.0005276262757105643 1.0072191832607622 1.0000081881915093 1.0000003694394421 1.0 1.0072278026738666 0.0003381907043056298
59958.12159764044 3.225 0.7749999999999999 1.0072023739499094 0.0005276138520501291 1.0072188453453716 1.0000058451412506 0.9999988968408143 1.0 1.007223621552577 -2.124760266752901e-05
59958.12183170555 3.225 0.7749999999999999 1.0067719866576763 0.0005273909131262718 1.00721850742996 1.0000098480168298 0.9999991629795806 1.0 1.0072275834640123 -0.0004555968063360005
59958.12206577066 3.225 0.7749999999999999 1.0069966070699539 0.0005275558536471319 1.0072181695145588 0.9999975248461591 0.9999981159835212 1.0 1.0072137788837057 -0.00021717181375180417
59958.12229983577 3.225 0.7749999999999999 1.0077642291891344 0.0005277495873991076 1.0072178315991471 1.0000092629855815 1.000001005358992 1.0 1.0072281740682822 0.0005360551208521969
