1-transit analysis/LC/wasp-107b/jwst/1/S5_wasp-107b_ap9_bg14_Table_Save_ch0.txt
# %ECSV 1.0
# ---
# datatype:
# - {name: time, datatype: float64}
# - {name: wavelength, datatype: float64}
# - {name: bin_width, datatype: float64}
# - {name: lcdata, datatype: float64}
# - {name: lcerr, datatype: float64}
# - {name: polynomial, datatype: float64}
# - {name: ypos, datatype: float64}
# - {name: ywidth, datatype: float64}
# - {name: astrophysical model, datatype: float64}
# - {name: model, datatype: float64}
# - {name: residuals, datatype: float64}
# schema: astropy-2.0
time wavelength bin_width lcdata lcerr polynomial ypos ywidth "astrophysical model" model residuals
[from data line 594]
59958.22130937392 3.225 0.7749999999999999 0.9865534038338429 0.0005219249801804826 1.0070748933859592 0.9999976343350274 0.9999978591415248 0.9784418277379096 0.9853597587916397 0.0011936450422032063
59958.22154343902 3.225 0.7749999999999999 0.9850546144027877 0.0005216513122185144 1.0070745554705687 1.0000044663593455 1.0000002799018903 0.9784299315885078 0.9853565651522986 -0.00030195074951089307
59958.22177750412 3.225 0.7749999999999999 0.9852458283562181 0.0005217544935172815 1.0070742175551675 1.000003642885784 0.9999991787534106 0.9784182194552212 0.9853425430699339 -9.671471371575091e-05
59958.22201156921 3.225 0.7749999999999999 0.9850584691825033 0.0005215269020345849 1.0070738796397873 0.9999942758972538 1.0000000037085908 0.9784066884498929 0.985322183139229 -0.00026371395672575293
59958.222245634315 3.225 0.7749999999999999 0.9856966785336783 0.0005219391710209241 1.0070735417243863 0.9999972244175466 0.9999959809752742 0.9783953357596663 0.9853093611655506 0.00038731736812769313
59958.22247969941 3.225 0.7749999999999999 0.9856979065919327 0.0005219047522827141 1.0070732038089956 0.9999953411717656 0.9999991757705741 0.9783841586492854 0.9852990667294703 0.00039883986246236347
59958.2227137645 3.225 0.7749999999999999 0.9851222213769917 0.0005217113927714479 1.0070728658936154 1.0000050529223683 0.999997652251013 0.9783731544549213 0.9852957219471553 -0.00017350057016363163
59958.22294782961 3.225 0.7749999999999999 0.9860477592508292 0.0005219277905845161 1.0070725279782144 1.0000179938496423 0.9999987592568292 0.9783623205817819 0.985298321976089 0.0007494372747401945
59958.223181894704 3.225 0.7749999999999999 0.9844070180979811 0.0005215776843328363 1.0070721900628237 1.0000093729582926 0.9999998116195198 0.9783516545047959 0.9852797926478007 -0.0008727745498195993
59958.2234159598 3.225 0.7749999999999999 0.9844069900849893 0.0005217025251328389 1.007071852147433 0.9999958220353071 1.0000006878476797 0.978341153762969 0.9852563990771763 -0.0008494089921869952
59958.2236500249 3.225 0.7749999999999999 0.9853133776592623 0.0005217172267995102 1.0070715142320426 0.9999991496529498 0.9999999184414265 0.9783308159589349 0.9852481780885292 6.51995707331432e-05
59958.223884089995 3.225 0.7749999999999999 0.9858483185030743 0.0005218931451447144 1.0070711763166518 0.9999943424668487 1.0000026946740976 0.9783206387565646 0.9852355973495528 0.0006127211535215116
59958.2241181551 3.225 0.7749999999999999 0.9856221876088627 0.0005216294937204122 1.0070708384012508 0.9999919956332953 1.0000015453181248 0.9783106198786952 0.9852217325297629 0.00040045507909980405
59958.22435222019 3.225 0.7749999999999999 0.9857023524797867 0.0005216722584844498 1.0070705004858707 1.0000022597151028 0.9999993508144901 0.9783007571068018 0.9852194198062836 0.0004829326735030781
59958.22458628529 3.225 0.7749999999999999 0.9849041054988061 0.0005215745311440912 1.0070701625704799 0.9999828750587584 1.0000036771504444 0.9782910482761121 0.985194476099252 -0.00029037060044589946
59958.224820350384 3.225 0.7749999999999999 0.9857435796076628 0.0005219019042971671 1.0070698246550893 0.9999810997953277 1.0000021982236231 0.9782814912769813 0.9851813150882147 0.0005622645194480747
59958.22505441549 3.225 0.7749999999999999 0.9851202943519629 0.0005217665225815781 1.007069486739688 1.0000082257344198 0.9999964340810606 0.9782720840514113 0.9851925563426551 -7.226199069221284e-05
59958.225288480586 3.225 0.7749999999999999 0.9841708936596415 0.0005212776085055785 1.0070691488242975 0.9999991930357752 1.0000012985490618 0.9782628245929508 0.9851787943869627 -0.0010079007273211538
59958.225522545676 3.225 0.7749999999999999 0.9849509583134934 0.0005215521689253496 1.0070688109089174 1.0000020258603943 1.0000015998513019 0.9782537109437125 0.9851723733885596 -0.00022141507506612257
59958.22575661078 3.225 0.7749999999999999 0.9854580624003757 0.0005217412327626219 1.0070684729935162 0.9999984912731477 1.00000252955425 0.9782447411926946 0.9851604434008499 0.00029761899952585047
59958.22599067588 3.225 0.7749999999999999 0.9859431231326626 0.0005219601100774446 1.0070681350781256 0.9999996612698451 1.000001541332474 0.9782359134769097 0.9851514017950596 0.0007917213376030796
59958.226224740974 3.225 0.7749999999999999 0.9844389151636768 0.000521610088487605 1.007067797162735 0.9999921155302393 0.9999980704855015 0.9782272259772425 0.9851314694448844 -0.0006925542812076246
59958.226458806064 3.225 0.7749999999999999 0.9857830036034991 0.0005217259956885501 1.007067459247355 0.9999994001569925 0.9999984604631478 0.9782186769188409 0.9851300899818934 0.0006529136216056886
59958.22669287117 3.225 0.7749999999999999 0.9848231601017923 0.0005217407763935515 1.0070671213319538 0.9999907598259292 1.0000002491666724 0.9782102645682892 0.9851145379421531 -0.00029137784036081804
59958.22692693627 3.225 0.7749999999999999 0.9847828574916265 0.0005216455119393236 1.0070667834165525 1.0000130966736465 0.9999984746624281 0.9782019872348114 0.9851261278901609 -0.0003432703985343233
59958.22716100136 3.225 0.7749999999999999 0.9853194215508798 0.0005216576175202881 1.0070664455011724 0.9999995833137061 1.0000019206189612 0.9781938432677788 0.9851076782834146 0.0002117432674652031
59958.22739506646 3.225 0.7749999999999999 0.9852081864520221 0.0005217822123127002 1.0070661075857819 1.000005031884453 1.0000011793824286 0.978185831054387 0.9851039160866749 0.00010427036534721434
59958.22762913156 3.225 0.7749999999999999 0.9843815873347491 0.0005214902350759811 1.0070657696703913 1.0000083697283413 0.9999972634111591 0.9781779490208986 0.985095078229511 -0.0007134908947619145
59958.22786319666 3.225 0.7749999999999999 0.9843980308925073 0.0005214032438830318 1.00706543175499 1.000020030870114 1.0000012664710087 0.9781701956301232 0.985102370031508 -0.0007043391390006981
59958.22809726175 3.225 0.7749999999999999 0.9857822560493363 0.0005216418753225588 1.00706509383961 1.000010811992117 0.9999983509945733 0.9781625693818972 0.9850824059216785 0.0006998501276578306
59958.22833132685 3.225 0.7749999999999999 0.9852346018861773 0.0005216119469790647 1.0070647559242194 1.0000080817606574 0.9999972204951046 0.9781550688097648 0.9850707186740161 0.00016388321216120882
59958.228565391946 3.225 0.7749999999999999 0.9853650111189391 0.0005218083777890288 1.0070644180088288 0.9999872528806505 1.0000017795841092 0.9781476924824697 0.9850469329787512 0.00031807814018791625
59958.22879945704 3.225 0.7749999999999999 0.9848784347349496 0.0005216864615147687 1.007064080093438 0.9999841996306453 0.9999988246251866 0.9781404390018985 0.9850333794654181 -0.0001549447304685092
59958.22903352214 3.225 0.7749999999999999 0.985099170335841 0.0005215963833414715 1.0070637421780475 0.9999897278765354 0.9999991640742995 0.9781333070024879 0.9850316466058701 6.752372997098632e-05
59958.22926758724 3.225 0.7749999999999999 0.9854709150893471 0.0005219743796155869 1.007063404262657 0.9999933754031568 0.9999982554198649 0.9781262951504232 0.9850269526704994 0.0004439624188476987
59958.22950165234 3.225 0.7749999999999999 0.9846002306441065 0.0005214230379410738 1.0070630663472557 0.9999969239683205 0.9999969117319989 0.9781194021426554 0.9850218523775648 -0.00042162173345827725
59958.22973571743 3.225 0.7749999999999999 0.9840905557333475 0.0005215591190810358 1.0070627284318756 1.0000063989656107 1.0000014697425788 0.9781126267072195 0.9850285214157092 -0.0009379656823617077
59958.22996978254 3.225 0.7749999999999999 0.9844629332466556 0.0005215689384389031 1.0070623905164744 1.000008745335454 0.9999998242332186 0.9781059676001881 0.9850221750511968 -0.000559241804541255
59958.23020384763 3.225 0.7749999999999999 0.985475781828958 0.0005217209423890858 1.0070620526010943 0.999995989572795 0.999997676058068 0.9780994236081306 0.9850005737991743 0.0004752080297837358
59958.23043791273 3.225 0.7749999999999999 0.9854325166287705 0.0005217364570087491 1.0070617146856933 0.9999997599802707 1.0000018604811198 0.9780929935441349 0.9850016033546606 0.0004309132741099342
59958.23067197782 3.225 0.7749999999999999 0.9861658485259538 0.0005216942284853816 1.0070613767703132 0.9999968594248586 1.000000640066867 0.9780866762504189 0.9849908517995326 0.0011749967264211847
59958.230906042925 3.225 0.7749999999999999 0.9852691130495828 0.0005217154998475339 1.007061038854912 0.9999926647087712 0.999998768877024 0.978080470594512 0.984978297005149 0.000290816044433706
59958.231140108015 3.225 0.7749999999999999 0.9847550033939231 0.0005214149759664471 1.0070607009395318 1.0000034445425334 0.9999962997119903 0.9780743754718002 0.9849800142168241 -0.00022501082290105057
59958.23137417312 3.225 0.7749999999999999 0.9848099460189178 0.000521794712436934 1.0070603630241306 0.9999859145920604 0.9999980336879601 0.9780683898018595 0.9849580971982144 -0.00014815117929656285
59958.23160823821 3.225 0.7749999999999999 0.9855947970366564 0.0005217345262394897 1.0070600251087505 1.0000056779615556 0.9999993130539312 0.9780625125309326 0.9849725744123241 0.0006222226243323137
59958.231842303314 3.225 0.7749999999999999 0.98608152404412 0.0005220542810482336 1.0070596871933495 0.9999851630253032 1.000001247752945 0.9780567426284114 0.9849481324100043 0.0011333916341156325
59958.232076368404 3.225 0.7749999999999999 0.9857721465829086 0.0005214757516367362 1.0070593492779694 0.9999967212875288 1.0000006861837993 0.9780510790892415 0.9849529297406805 0.0008192168422280766
59958.23231043351 3.225 0.7749999999999999 0.9848639466454345 0.0005215488848706555 1.0070590113625681 1.0000064849278494 1.000000822460825 0.9780455209305512 0.984956752790388 -9.280614495343897e-05
59958.2325444986 3.225 0.7749999999999999 0.9848752241506866 0.0005215008119748668 1.007058673447188 0.9999962706423672 0.9999996558902486 0.9780400671939825 0.9849397205116643 -6.449636097771716e-05
59958.2327785637 3.225 0.7749999999999999 0.9842911269943393 0.0005216241814017748 1.0070583355317868 1.0000050457436953 1.0000009345887495 0.9780347169424586 0.9849439043977812 -0.0006527774034419398
59958.23301262879 3.225 0.7749999999999999 0.9845912810928694 0.0005216931687435731 1.0070579976164067 0.9999973656177737 0.9999981528033545 0.9780294692624457 0.9849279848778393 -0.00033670378496986064
59958.2332466939 3.225 0.7749999999999999 0.9852557954866512 0.0005218984431777901 1.0070576597010057 1.0000153947446881 0.9999977142866655 0.9780243232608528 0.9849397975165077 0.00031599797014347786
59958.23348075899 3.225 0.7749999999999999 0.9849644758619818 0.0005215206397520442 1.0070573217856256 0.9999814154558173 0.9999999557177305 0.9780192780672213 0.984903126894674 6.134896730780603e-05
59958.23371482409 3.225 0.7749999999999999 0.9838707164865962 0.0005214160515680558 1.0070569838702244 0.999985900309135 1.0000013880226915 0.978014332830757 0.9849036442556584 -0.001032927769062164
59958.23394888918 3.225 0.7749999999999999 0.9845952755047815 0.0005216990904002172 1.0070566459548442 0.9999847174073427 1.0000043226005972 0.9780094867224455 0.9849001587294316 -0.00030488322465005435
59958.234182954286 3.225 0.7749999999999999 0.9847391652447887 0.0005216579140099083 1.0070563080394432 0.9999793914170467 1.0000002056932655 0.9780047389322113 0.9848857467047375 -0.00014658145994883576
59958.234417019376 3.225 0.7749999999999999 0.9850083105468874 0.0005215063624573438 1.0070559701240631 0.999997355800468 0.9999994304156429 0.9780000886709606 0.9848976628210234 0.00011064772586399929
59958.23465108448 3.225 0.7749999999999999 0.9849878593799181 0.0005216952385392441 1.007055632208662 0.9999920496891885 0.9999999534845335 0.977995535167864 0.9848880359245762 9.98234553418742e-05
59958.23488514957 3.225 0.7749999999999999 0.9851713773248664 0.0005215796546447878 1.0070552942932818 1.0000038228727561 0.9999980037526391 0.9779910776723251 0.9848928915610723 0.0002784857637940785
59958.23511921467 3.225 0.7749999999999999 0.9847638976807854 0.0005217262931620512 1.0070549563778912 0.9999907988841067 1.0000007634192676 0.9779867154515185 0.984878058887875 -0.00011416120708962474
59958.235353279764 3.225 0.7749999999999999 0.9848180226205829 0.0005217084098324649 1.0070546184625004 1.0000045650697542 0.9999993725077174 0.9779824477916147 0.9848856188691406 -6.759624855767754e-05
59958.23558734486 3.225 0.7749999999999999 0.9839009581304048 0.0005213534862434715 1.0070542805471099 1.0000122926670634 0.9999995656829274 0.9779782739967695 0.9848888861238828 -0.0009879279934780216
59958.23582140996 3.225 0.7749999999999999 0.9846782112109632 0.0005217481854980403 1.0070539426317193 0.9999919034666652 1.0000012407274899 0.9779741933889647 0.9848660151380646 -0.00018780392710138205
59958.236055475056 3.225 0.7749999999999999 0.9850552676681241 0.0005214312321622995 1.0070536047163285 0.9999932444186378 0.9999999150301087 0.9779702053077179 0.9848616835179617 0.00019358415016246244
59958.23628954015 3.225 0.7749999999999999 0.9847068425789626 0.000521659219397019 1.007053266800938 1.0000040131158754 1.0000008250575023 0.9779663091098033 0.9848689313571348 -0.00016208877817225353
59958.23652360525 3.225 0.7749999999999999 0.9848230729777835 0.0005217147395397533 1.0070529288855474 0.9999891475067408 1.0000008717679305 0.9779625041689808 0.98485017453711 -2.7101559326503377e-05
59958.23675767035 3.225 0.7749999999999999 0.9848016019071002 0.0005216640768413428 1.0070525909701566 0.9999937172703814 0.9999997181522531 0.9779587898757346 0.984849468045174 -4.786613807383766e-05
59958.23699173544 3.225 0.7749999999999999 0.9849033206638138 0.0005213946092606111 1.0070522530547765 1.000007003747427 0.999994066733895 0.9779551656371328 0.9848530071661266 5.03134976872488e-05
59958.23722580054 3.225 0.7749999999999999 0.9845977843290197 0.0005215964363365734 1.0070519151393755 0.9999922947651742 1.0000008426025264 0.9779516308760272 0.984841304130859 -0.00024351980183934252
59958.23745986564 3.225 0.7749999999999999 0.9846634938664903 0.0005216713174245621 1.0070515772239848 1.000005723563675 1.0000033004464077 0.9779481850319308 0.984853149442895 -0.00018965557640471253
59958.23769393073 3.225 0.7749999999999999 0.9841858583227856 0.000521456118418176 1.0070512393086046 1.0000039031532393 1.000002209276519 0.9779448275597814 0.9848465703466984 -0.0006607120239128239
59958.237927995826 3.225 0.7749999999999999 0.9840493133011885 0.0005216090070147357 1.007050901393214 0.9999995785152311 1.000001549381649 0.9779415579298635 0.9848380382170079 -0.0007887249158193832
59958.23816206092 3.225 0.7749999999999999 0.9846884477961354 0.0005216100683360169 1.0070505634778235 0.9999902144303778 0.999998435113374 0.9779383756281126 0.9848222139296292 -0.00013376613349380673
59958.23839612603 3.225 0.7749999999999999 0.9852980917672641 0.0005217821841480339 1.0070502255624223 1.0000035566668792 0.9999996195771591 0.9779352801553955 0.9848330725248492 0.0004650192424149324
59958.23863019112 3.225 0.7749999999999999 0.9845142781021082 0.0005217012207250742 1.0070498876470422 0.9999961332308923 1.0000020352166819 0.9779322710278953 0.9848247798957902 -0.00031050179368197206
59958.238864256215 3.225 0.7749999999999999 0.9842577418470148 0.0005214443932959072 1.0070495497316516 1.00000390383794 1.000001371796778 0.9779293477759705 0.9848285049204747 -0.0005707630734599345
59958.23909832131 3.225 0.7749999999999999 0.984300667100121 0.0005212832768778206 1.0070492118162608 1.0000143213980106 1.0000024125130742 0.9779265099449248 0.9848366009806296 -0.0005359338805086544
59958.23933238641 3.225 0.7749999999999999 0.9848641619458823 0.0005217053139552402 1.0070488739008703 1.000013506820921 0.9999975837093695 0.977923757094354 0.9848279404536093 3.6221492273003086e-05
59958.239566451506 3.225 0.7749999999999999 0.9842528181369548 0.0005215300577253658 1.0070485359854797 1.0000174181140387 0.9999972715127065 0.9779210887980732 0.9848284672867071 -0.0005756491497523886
