1-transit analysis/LC/wasp-107b/jwst/4-nrs1/S5_wasp-107b_ap5_bg10_Table_Save_ch0.txt
# %ECSV 1.0
# ---
# datatype:
# - {name: time, datatype: float64}
# - {name: wavelength, datatype: float64}
# - {name: bin_width, datatype: float64}
# - {name: lcdata, datatype: float64}
# - {name: lcerr, datatype: float64}
# - {name: polynomial, datatype: float64}
# - {name: ypos, datatype: float64}
# - {name: ywidth, datatype: float64}
# - {name: astrophysical model, datatype: float64}
# - {name: model, datatype: float64}
# - {name: residuals, datatype: float64}
# schema: astropy-2.0
time wavelength bin_width lcdata lcerr polynomial ypos ywidth "astrophysical model" model residuals
[from data line 757]
60118.44714870754 3.25 0.4500000000000002 0.9855896386117562 0.0003379710126729742 1.0078328387795217 1.000019551348035 0.9999783820024739 0.9779220083323759 0.9855798764936619 9.762118094336358e-06
60118.44736816163 3.25 0.4500000000000002 0.9852582994202732 0.0003380529417922683 1.007832474088011 0.9999925762137655 1.0000017228725377 0.977921598809074 0.9855755256662011 -0.00031722624592789295
60118.447587615716 3.25 0.4500000000000002 0.9861131057673869 0.00033807564676202807 1.0078321093965001 1.000020628759683 1.0000074548332427 0.9779212448259333 0.9856081097877576 0.0005049959796292747
60118.4478070698 3.25 0.4500000000000002 0.9855644566934616 0.0003379070294227405 1.0078317447049896 0.9999970268530544 0.9999897987331563 0.9779209463151697 0.9855667891025058 -2.332409044236705e-06
60118.44802652388 3.25 0.4500000000000002 0.985486133366192 0.00033792102338277557 1.0078313800134908 0.9999849534452538 0.9999885845092821 0.9779207032196436 0.985553091598049 -6.695823185709493e-05
60118.44824597796 3.25 0.4500000000000002 0.9856835934755245 0.0003381797136461774 1.0078310153219923 0.9999862631877905 0.9999974105954761 0.9779205154928173 0.985562535298133 0.0001210581773914976
60118.448465432055 3.25 0.4500000000000002 0.9855091332130204 0.00033796254339301724 1.0078306506304695 0.999976008221429 1.0000056800732926 0.9779203830987602 0.985560088212557 -5.09549995366676e-05
60118.448684886134 3.25 0.4500000000000002 0.9854533310334009 0.0003380198848140782 1.007830285938971 1.0000173792408804 0.9999920648893664 0.9779203060121581 0.9855870094220247 -0.00013367838862377024
60118.44890434021 3.25 0.4500000000000002 0.985343463411804 0.0003377655393116358 1.0078299212474722 1.0000019821984178 1.000007261999132 0.9779202842182526 0.9855864339156492 -0.0002429705038451413
60118.4491237943 3.25 0.4500000000000002 0.9850324556046056 0.00033806666325403946 1.0078295565559616 0.9999906460756437 0.9999949790312598 0.9779203177128759 0.9855628326299056 -0.0005303770253000106
60118.44934324838 3.25 0.4500000000000002 0.9861557394785657 0.00033811782591467967 1.0078291918644628 0.9999963381758389 1.0000083970912161 0.9779204065024344 0.9855813999318442 0.0005743395467214807
60118.44956270247 3.25 0.4500000000000002 0.9849715655810289 0.0003379891701491209 1.00782882717294 0.9999936886683795 0.9999996038148328 0.9779205506039264 0.9855699108148711 -0.000598345233842168
60118.449782156546 3.25 0.4500000000000002 0.9858211225408736 0.0003380867300635025 1.0078284624814537 1.0000148218472402 1.0000108848350904 0.9779207500448976 0.9856017020040176 0.0002194205368559743
60118.45000161063 3.25 0.4500000000000002 0.9855163990253701 0.00033790621355360824 1.007828097789943 1.0000141212320974 1.0000013979334261 0.977921004863545 0.9855915614611219 -7.51624357517855e-05
60118.45022106472 3.25 0.4500000000000002 0.9852532833224019 0.0003380062162971361 1.0078277330984322 1.0000256599800714 0.9999796764108687 0.9779213151086302 0.9855814810606103 -0.00032819773820835785
60118.450440518805 3.25 0.4500000000000002 0.9853182459882903 0.00033791561830001285 1.0078273684069214 1.000018981163475 0.999982850417945 0.9779216808395492 0.9855780389508909 -0.00025979296260059126
60118.450659972885 3.25 0.4500000000000002 0.9861416037194023 0.0003380764237314556 1.0078270037154229 1.0000286883413838 0.9999840003512238 0.9779221021263254 0.9855888072754178 0.0005527964439845379
60118.450879426964 3.25 0.4500000000000002 0.9855980295645093 0.0003380113164382508 1.0078266390239243 0.9999858930046337 1.0000036627522044 0.9779225790496725 0.9855661324184657 3.189714604356908e-05
60118.45109888106 3.25 0.4500000000000002 0.985690979005745 0.000338037628055716 1.0078262743324016 1.0000022205762213 1.000000096733602 0.9779231117010219 0.9855788901357528 0.00011208886999214407
60118.45131833514 3.25 0.4500000000000002 0.9853553357425346 0.0003379363057702803 1.007825909640903 0.9999802613220021 1.000015682648731 0.9779237001824166 0.985572844862133 -0.00021750911959839137
60118.45153778922 3.25 0.4500000000000002 0.9853179034444712 0.00033773980111514095 1.0078255449494042 0.9999875156175838 1.000008173243548 0.9779243446067573 0.9855728864621313 -0.0002549830176600265
60118.4517572433 3.25 0.4500000000000002 0.9849304208109183 0.00033790823793108043 1.0078251802578937 0.9999936262623709 0.9999893079022906 0.9779250450977239 0.9855606652184182 -0.0006302444074999247
60118.45197669739 3.25 0.4500000000000002 0.9857906292933812 0.0003380540614116095 1.007824815566383 1.0000119127439584 0.9999947484241504 0.9779258017897796 0.9855844558647483 0.00020617342863293864
60118.45219615147 3.25 0.4500000000000002 0.9859411340515429 0.00033803310373524544 1.0078244508748844 0.9999894265911706 0.9999999588059282 0.9779266148282498 0.9855678920627935 0.0003732419887494398
60118.45241560555 3.25 0.4500000000000002 0.985456851999433 0.0003380145421397102 1.0078240861833856 0.9999940980794558 1.0000034570779164 0.9779274843694301 0.9855764636828865 -0.00011961168345353546
60118.45263505964 3.25 0.4500000000000002 0.9856100555601466 0.000338068337913099 1.0078237214918628 0.9999989756023724 1.000001632420998 0.977928410580618 0.9855800493576719 3.0006202474730514e-05
60118.45285451372 3.25 0.4500000000000002 0.9848601080164445 0.0003378667610245667 1.0078233568003643 0.9999907333641456 0.9999820957454594 0.9779293936399395 0.9855533052870248 -0.0006931972705802592
60118.4530739678 3.25 0.4500000000000002 0.9857498150384069 0.0003380576196765186 1.0078229921088657 0.9999850809353771 0.9999986538685889 0.977930433736785 0.9855647451581951 0.000185069880211719
60118.45329342189 3.25 0.4500000000000002 0.9859018719573658 0.0003380773755500814 1.007822627417355 0.9999908955419998 1.0000168636756916 0.977931531071648 0.9855891722691897 0.00031269968817604354
60118.45351287597 3.25 0.4500000000000002 0.9857257777419409 0.00033795464380483427 1.0078222627258564 0.9999818277545969 1.0000009653480426 0.9779326858561102 0.9855653734217581 0.00016040432018282758
60118.45373233006 3.25 0.4500000000000002 0.9851264899016271 0.00033788997272610113 1.0078218980343336 0.9999773554732996 1.0000096396142126 0.9779338983132044 0.9855703799117577 -0.0004438900101305654
60118.45395178413 3.25 0.4500000000000002 0.9855558012875004 0.0003381227667319837 1.007821533342847 0.9999828001008562 0.9999924613481866 0.9779351686769747 0.9855597394107143 -3.938123213864664e-06
60118.45417123822 3.25 0.4500000000000002 0.9863667239296946 0.0003384020874830428 1.0078211686513363 1.000016839731799 1.0000025092819478 0.9779364971932837 0.9856041736094916 0.0007625503202030037
60118.454390692306 3.25 0.4500000000000002 0.985643321049736 0.00033815357613398877 1.0078208039598255 0.9999772184581888 1.0000030324400864 0.9779378841191856 0.9855666800866522 7.664096308379609e-05
60118.454610146386 3.25 0.4500000000000002 0.9855663661848335 0.00033799675755512775 1.007820439268327 1.0000139399574735 0.9999990169545441 0.9779393297233345 0.9856000150132556 -3.3648828422050414e-05
60118.45482960047 3.25 0.4500000000000002 0.9856156692333071 0.00033808916420672354 1.0078200745768162 0.9999874946556071 1.0000050453201992 0.9779408342861803 0.985581051966485 3.4617266822078996e-05
60118.45504905455 3.25 0.4500000000000002 0.9852549585938111 0.000337926830435585 1.0078197098853177 1.000017314038139 0.9999811858765791 0.9779423980997167 0.9855881451478652 -0.00033318655405412123
60118.45526850864 3.25 0.4500000000000002 0.9857968230770848 0.00033815816013248537 1.0078193451938071 1.0000062697101277 1.0000087928824637 0.9779440214679753 0.9856057489606269 0.00019107411645791217
60118.45548796272 3.25 0.4500000000000002 0.9862118440207652 0.00033826419488761084 1.0078189805023083 1.0000061468941297 0.9999971475626631 0.9779457047067083 0.9855954900779055 0.0006163539428597486
60118.455707416804 3.25 0.4500000000000002 0.9854777393832449 0.00033810813527101184 1.0078186158107978 1.0000076679050687 0.9999883966920209 0.9779474481439208 0.9855897647283236 -0.00011202534507870343
60118.45592687089 3.25 0.4500000000000002 0.9854785079620576 0.000337961884456569 1.007818251119287 1.0000027346613085 0.9999808007394647 0.9779492521195925 0.9855788774744324 -0.0001003695123747983
60118.45614632497 3.25 0.4500000000000002 0.9853614070095239 0.0003379600188186002 1.0078178864277885 1.0000018066636935 1.0000027302470167 0.9779511169859464 0.9856010993192292 -0.0002396923097053305
60118.45636577906 3.25 0.4500000000000002 0.9856623886212257 0.0003380323709607782 1.0078175217362777 1.0000059335470237 1.0000046580892852 0.9779530431077591 0.9856086514043652 5.373721686052768e-05
60118.456585233136 3.25 0.4500000000000002 0.9856824236580582 0.00033793998511181384 1.0078171570447791 0.9999917053841177 0.9999991648963845 0.9779550308620426 0.9855908606776012 9.156298045709388e-05
60118.456804687215 3.25 0.4500000000000002 0.9854118586375675 0.0003380651323847493 1.0078167923532804 0.9999741421468986 0.9999841436758842 0.9779570806386122 0.9855604549140157 -0.000148596276448143
60118.4570241413 3.25 0.4500000000000002 0.985888828426082 0.0003379800355952585 1.0078164276617698 0.9999887561224088 0.9999958337863675 0.9779591928400329 0.9855881519358178 0.00030067649026421783
60118.45724359539 3.25 0.4500000000000002 0.985221162827025 0.00033793484350542807 1.007816062970259 0.9999941386271447 0.9999880555380716 0.9779613678816083 0.9855876260615376 -0.0003664632345126151
60118.45746304947 3.25 0.4500000000000002 0.9855449061887512 0.0003378378599728106 1.0078156982787605 0.9999918359063237 0.9999895942407241 0.9779636061916502 0.9855887721705383 -4.386598178707235e-05
60118.45768250355 3.25 0.4500000000000002 0.9853268686741335 0.00033790288371696696 1.007815333587262 1.0000006288679726 0.9999953811584709 0.9779659082117778 0.9856051054645607 -0.00027823679042715543
60118.45790195764 3.25 0.4500000000000002 0.9861315962165981 0.00033810172454939275 1.007814968895739 1.0000138110952808 0.9999924086829286 0.9779682743970096 0.9856171962213375 0.0005143999952605949
60118.45812141171 3.25 0.4500000000000002 0.9849780213993327 0.0003379576022530707 1.0078146042042526 0.9999920640552069 0.9999905545096586 0.977970705215277 0.9855960279025744 -0.0006180065032417303
60118.4583408658 3.25 0.4500000000000002 0.9860870873272771 0.0003380665024662969 1.0078142395127418 1.0000012280034798 0.9999974163232668 0.9779732011489352 0.9856139818043039 0.00047310552297319397
60118.45856031989 3.25 0.4500000000000002 0.9860484271190121 0.000338123652556781 1.007813874821231 0.9999886431700833 1.0000008044110325 0.9779757626935756 0.9856071422232847 0.0004412848957273674
60118.458779773966 3.25 0.4500000000000002 0.9854530288507949 0.0003378910511097028 1.0078135101297325 0.9999987822105703 0.9999862255446557 0.9779783903588285 0.9856050577812782 -0.00015202893048327226
60118.45899922805 3.25 0.4500000000000002 0.986019837342654 0.00033822593451388955 1.0078131454382218 1.0000264859960193 0.9999930997507356 0.9779810846687338 0.9856414970856184 0.00037834025703553653
60118.45921868213 3.25 0.4500000000000002 0.9857930013872782 0.00033800640972010524 1.0078127807467232 0.9999934402346794 0.9999966297923932 0.9779838461613102 0.9856148323212072 0.00017816906607104332
60118.45943813622 3.25 0.4500000000000002 0.9859698935413048 0.0003380048744422987 1.0078124160552124 1.000014757638658 0.9999926879570892 0.9779866753894608 0.9856344526687496 0.00033544087255521493
60118.4596575903 3.25 0.4500000000000002 0.9851865678796821 0.0003379189358377722 1.0078120513637139 0.9999928395564734 0.9999979458674386 0.977989572920439 0.9856205955521076 -0.00043402767242550766
60118.459877044384 3.25 0.4500000000000002 0.9860004974165735 0.0003380959516207335 1.007811686672203 1.0000401677511213 0.9999837203621899 0.9779925393368025 0.985655854873652 0.00034464254292143615
60118.460096498464 3.25 0.4500000000000002 0.9856146096081797 0.00033801611775717853 1.0078113219807046 1.0000084433069203 0.9999853913274716 0.9779955752358571 0.9856289366479402 -1.4327039760453353e-05
60118.46031595255 3.25 0.4500000000000002 0.9855933630639601 0.0003379869068404638 1.0078109572891938 1.0000194482151727 0.999993602164991 0.9779986812306607 0.9856506499838281 -5.728691986806034e-05
60118.46053540664 3.25 0.4500000000000002 0.9852959910242871 0.00033783432912495463 1.0078105925976832 0.9999968233745493 0.999999642101524 0.97800185794955 0.9856371482524947 -0.0003411572282076003
60118.46075486071 3.25 0.4500000000000002 0.9851704889081729 0.00033793357439138277 1.0078102279061967 0.9999939761434038 1.0000016074726699 0.978005106036557 0.9856391958182563 -0.00046870691008338294
60118.460974314796 3.25 0.4500000000000002 0.9858461110338717 0.0003381351665980274 1.007809863214686 1.0000076194242187 1.000002683851955 0.9780084261524152 0.9856566935921242 0.00018941744174749697
60118.46119376888 3.25 0.4500000000000002 0.9857341263329573 0.0003380195807521325 1.0078094985231751 0.9999904443789323 0.9999976475264828 0.9780118189735167 0.9856378636429206 9.626269003670807e-05
60118.46141322296 3.25 0.4500000000000002 0.985370806044892 0.0003380019911332803 1.0078091338316766 0.9999949434117317 0.9999995225308084 0.9780152851929089 0.9856472827879007 -0.0002764767430086801
60118.46163267705 3.25 0.4500000000000002 0.9858694613086642 0.0003379720622863277 1.0078087691401658 1.000015116364934 0.9999967247090809 0.9780188255208093 0.9856676199202793 0.0002018413883848602
60118.46185213112 3.25 0.4500000000000002 0.9860811791842802 0.00033811039466250203 1.0078084044486795 0.9999858700982533 1.000001047157626 0.9780224406839467 0.9856463403185396 0.0004348388657405833
60118.462071585214 3.25 0.4500000000000002 0.9854278408213872 0.0003379393371783832 1.0078080397571567 1.0000001626402368 0.9999971760450885 0.9780261314273891 0.9856599751863225 -0.00023213436493529915
60118.46229103929 3.25 0.4500000000000002 0.9855247037058705 0.0003379514203566432 1.007807675065658 0.9999783392072565 0.9999942785269539 0.9780298985126655 0.9856390485174692 -0.00011434481159866561
60118.46251049337 3.25 0.4500000000000002 0.9854333332448266 0.00033774920213272737 1.0078073103741594 0.9999596640449185 1.0000102459523676 0.9780337427201282 0.9856398964989811 -0.0002065632541544682
60118.46272994746 3.25 0.4500000000000002 0.9860499921073562 0.000337927914944568 1.0078069456826486 0.9999977505600243 0.9999847365085185 0.9780376648483036 0.9856558897808548 0.00039410232650138877
60118.462949401546 3.25 0.4500000000000002 0.9865067650514706 0.0003381384181888535 1.007806580991138 0.9999765474945351 1.0000019654135055 0.9780416657140658 0.9856556478161085 0.000851117235362131
60118.463168855626 3.25 0.4500000000000002 0.9858010736897337 0.0003380394202827959 1.0078062162996393 0.9999626693739146 1.0000121182899189 0.9780457461532173 0.9856557310425195 0.0001453426472142194
60118.463388309705 3.25 0.4500000000000002 0.9859299876474631 0.00033788759053839915 1.0078058516081407 0.9999979243908206 1.0000005421832074 0.9780499070211075 0.985682907985472 0.000247079661991112
60118.4636077638 3.25 0.4500000000000002 0.985513531570357 0.0003381310106980361 1.007805486916618 0.9999981880398218 0.9999974430868066 0.978054149192874 0.9856840317151769 -0.00017050014481989617
60118.46382721787 3.25 0.4500000000000002 0.985629016593614 0.00033802557128774047 1.0078051222251314 1.000005331471735 1.0000069393596909 0.9780584735626621 0.9857044347931475 -7.54181995334946e-05
60118.46404667196 3.25 0.4500000000000002 0.9852394624092614 0.0003379781789845075 1.0078047575336206 0.9999981006896663 0.9999776547544219 0.9780628810464146 0.9856725269553697 -0.00043306454610825273
60118.46426612604 3.25 0.4500000000000002 0.9858717516406524 0.0003381371437380176 1.007804392842122 1.00001680829862 1.0000010941285113 0.9780673725796948 0.9857182410325641 0.00015351060808832528
