1-transit analysis/LC/wasp-107b/jwst/4-nrs1/S5_wasp-107b_ap5_bg10_Table_Save_ch0.txt
# %ECSV 1.0
# ---
# datatype:
# - {name: time, datatype: float64}
# - {name: wavelength, datatype: float64}
# - {name: bin_width, datatype: float64}
# - {name: lcdata, datatype: float64}
# - {name: lcerr, datatype: float64}
# - {name: polynomial, datatype: float64}
# - {name: ypos, datatype: float64}
# - {name: ywidth, datatype: float64}
# - {name: astrophysical model, datatype: float64}
# - {name: model, datatype: float64}
# - {name: residuals, datatype: float64}
# schema: astropy-2.0
time wavelength bin_width lcdata lcerr polynomial ypos ywidth "astrophysical model" model residuals
[from data line 518]
60118.394699181124 3.25 0.4500000000000002 1.005515446146771 0.00034135837903830426 1.0079200000501078 0.9999903619607614 1.0000050966940932 0.9973954035514311 1.0052902097576066 0.00022523638916438493
60118.39491863521 3.25 0.4500000000000002 1.005097485489526 0.00034135801160931723 1.007919635358597 1.000020207380119 1.000008010172697 0.99711459466992 1.005039737794775 5.774769475097585e-05
60118.3951380893 3.25 0.4500000000000002 1.004926226037432 0.00034133365507728623 1.0079192706670865 0.9999973287760684 1.00000299829339 0.9968254121461667 1.004719870997812 0.0002063550396200764
60118.395357543384 3.25 0.4500000000000002 1.0041803218528162 0.00034113220094593194 1.0079189059755758 0.9999814010680014 0.9999916128068312 0.9965283242920167 1.0043926331539847 -0.0002123113011684996
60118.39557699747 3.25 0.4500000000000002 1.0040445073928175 0.0003411229010120049 1.007918541284065 1.0000107550178592 1.000010332608996 0.9962237735049542 1.0041335870430816 -8.907965026416775e-05
60118.395796451565 3.25 0.4500000000000002 1.0044650484400235 0.0003411353974284222 1.0079181765925422 1.0000124436483673 0.9999981895017359 0.9959121803370903 1.003808662363737 0.0006563860762864859
60118.396015905644 3.25 0.4500000000000002 1.0034653041957637 0.00034096892101769563 1.0079178119010437 1.0000241916325034 0.9999903390807283 0.9955939469080742 1.0034914535096533 -2.6149313889556325e-05
60118.39623535973 3.25 0.4500000000000002 1.003241417374677 0.0003410615594964436 1.007917447209533 1.000029633633848 0.9999923089665105 0.9952694596083752 1.003171464493001 6.995288167610525e-05
60118.396454813825 3.25 0.4500000000000002 1.0026940126016375 0.00034096743068746065 1.0079170825180102 1.0000022201955159 1.00001226519285 0.9949390915696453 1.0028306326660656 -0.00013662006442816121
60118.396674267904 3.25 0.4500000000000002 1.002127446154681 0.0003409198182556986 1.0079167178265116 1.0000334420335892 0.9999756551081191 0.9946032047057286 1.0024863164876947 -0.00035887033301373883
60118.396893722 3.25 0.4500000000000002 1.0022031541654968 0.00034087812335794406 1.0079163531349888 1.0000291993720887 0.9999983389453198 0.9942621513701694 1.0021606786794526 4.247548604419116e-05
60118.39711317608 3.25 0.4500000000000002 1.0018220193833798 0.00034086082085539333 1.00791598844349 1.0000012802370186 0.9999929915531786 0.993916276077782 1.0017783673944864 4.365198889333399e-05
60118.397332630164 3.25 0.4500000000000002 1.0012602997438265 0.0003406675893222981 1.0079156237519795 1.0000122513281682 0.9999923190329334 0.9935659167175405 1.0014351874923395 -0.00017488774851304179
60118.39755208426 3.25 0.4500000000000002 1.001743190656062 0.0003406872211229747 1.0079152590604565 0.9999931155215113 1.000009078692942 0.9932114059096737 1.0010751279953751 0.0006680626606869744
60118.397771538344 3.25 0.4500000000000002 1.0012404962235397 0.0003405943394264852 1.007914894368946 0.9999885932320881 1.0000140892321563 0.9928530721294958 1.0007140835310049 0.0005264126925348389
60118.39799099243 3.25 0.4500000000000002 0.999940045836931 0.0003404483261608769 1.0079145296774352 0.9999864754074348 0.9999963927839233 0.9924912406943088 1.0003292043800733 -0.000389158543142365
60118.39821044651 3.25 0.4500000000000002 0.9998366476269253 0.0003404676454917144 1.0079141649859367 0.9999793718580821 1.000005147396453 0.9921262348001182 0.9999626049968113 -0.0001259573698860761
60118.398429900604 3.25 0.4500000000000002 0.9995571214512913 0.0003404226660967847 1.007913800294414 0.9999914870377917 0.9999931137426099 0.9917583763749118 0.999591560997456 -3.443954616477729e-05
60118.39864935469 3.25 0.4500000000000002 0.9989438373320895 0.0003403424807857125 1.0079134356029031 0.9999826968046183 1.0000124339934415 0.9913879870883301 0.9992284063980754 -0.0002845690659859512
60118.39886880878 3.25 0.4500000000000002 0.999071250112078 0.0003403375667506025 1.0079130709113924 0.9999782257333711 0.9999991498243378 0.9910153890936784 0.9988347655695565 0.00023648454252145346
60118.399088262864 3.25 0.4500000000000002 0.9981008864061813 0.00034005482167790677 1.0079127062198816 0.9999837625334302 1.0000107400888623 0.9906409059395129 0.9984740672042282 -0.0003731807980468238
60118.39930771695 3.25 0.4500000000000002 0.9980695695699143 0.00034005865716177515 1.007912341528371 0.999993627930941 0.999995554526461 0.9902648634070128 0.998089380246924 -1.9810677009624023e-05
60118.39952717104 3.25 0.4500000000000002 0.9985186013873562 0.0003403223976889949 1.0079119768368603 1.000009707489126 0.9999927516024322 0.9898875903692813 0.9977220114689179 0.0007965899184382286
60118.399746625124 3.25 0.4500000000000002 0.9971617322812981 0.0003398479946825733 1.0079116121453495 0.9999863271854975 0.9999975940949123 0.9895094196718113 0.9973219985286407 -0.00016026624734255535
60118.39996607922 3.25 0.4500000000000002 0.9973029756157533 0.0003399002201504917 1.0079112474538268 0.9999735956085305 1.0000062501725353 0.9891306890332305 0.9969358536453999 0.000367121970353379
60118.4001855333 3.25 0.4500000000000002 0.9965862360573368 0.00033996220051295457 1.0079108827623282 1.0000092980017474 0.9999949211770931 0.9887517420670159 0.9965778458549146 8.390202422159376e-06
60118.400404987384 3.25 0.4500000000000002 0.9960200868494479 0.0003397704823289171 1.0079105180708174 1.0000068222177276 1.0000122020844526 0.9883729291743196 0.9962104230217634 -0.00019033617231556388
60118.40062444147 3.25 0.4500000000000002 0.9957619312893611 0.00033973343738580476 1.007910153379307 1.000003979856447 0.9999991266253733 0.9879946087633381 0.9958128911181561 -5.0959828794994166e-05
60118.40084389555 3.25 0.4500000000000002 0.9954917854025238 0.0003397345088416872 1.0079097886878081 1.0000242482321562 1.000001944136563 0.9876171483863198 0.9954550640246126 3.6721377911219655e-05
60118.40106334965 3.25 0.4500000000000002 0.9945637265630127 0.00033951341695347945 1.0079094239962734 1.000011280821388 0.9999950733016216 0.987240925979436 0.9950557556606769 -0.000492029097664215
60118.40128280373 3.25 0.4500000000000002 0.9950342619582083 0.0003395560606820181 1.0079090593047746 1.0000226853169674 0.999996504738854 0.9868663314927103 0.9946906035574157 0.00034365840079264576
60118.40150225782 3.25 0.4500000000000002 0.9940037680857748 0.0003392386744692427 1.007908694613264 1.000012749971384 0.9999897966326278 0.986493768254761 0.994298178153707 -0.0002944100679321826
60118.4017217119 3.25 0.4500000000000002 0.9939221042350367 0.0003394089973619689 1.0079083299217533 1.00000895950666 0.9999832599783003 0.9861236549835724 0.9939145128147719 7.591420264740911e-06
60118.40194116599 3.25 0.4500000000000002 0.9938468683129593 0.0003392605595288807 1.0079079652302425 1.0000198262916278 0.9999885671079007 0.9857564277925407 0.993560094400637 0.0002867739123223467
60118.40216062008 3.25 0.4500000000000002 0.9928062351774811 0.00033926356485696136 1.007907600538732 0.9999905924064096 0.9999967024119905 0.9853925426007465 0.9931720146411626 -0.0003657794636814371
60118.40238007416 3.25 0.4500000000000002 0.9926566294462037 0.00033914060012252793 1.0079072358472212 1.0000099862269756 1.0000021874599654 0.9850324779245268 0.9928334483627863 -0.00017681891658261062
60118.40259952826 3.25 0.4500000000000002 0.9919319429210007 0.00033917821588243783 1.0079068711556984 0.9999827038139125 0.9999907456138125 0.984676738150766 0.9924360999621811 -0.000504157041180342
60118.40281898234 3.25 0.4500000000000002 0.9914921041085404 0.000339132540090675 1.0079065064641999 0.9999781419281388 1.000003668055002 0.9843258575052767 0.9920903897117956 -0.0005982856032552553
60118.40303843642 3.25 0.4500000000000002 0.9920550810001811 0.0003390899859587247 1.0079061417726891 0.9999908275173716 1.0000137708273569 0.9839804046462569 0.9917644535555432 0.00029062744463792534
60118.40325789051 3.25 0.4500000000000002 0.9912143549241406 0.00033902322001304547 1.0079057770811783 0.9999950464038383 1.0000022451319923 0.9836409885330184 0.9914147496866451 -0.00020039476250455213
60118.4034773446 3.25 0.4500000000000002 0.9911276489422267 0.0003388617685680329 1.0079054123896676 0.9999974192587849 0.9999920464366169 0.9833082654940383 0.9910712825025302 5.636643969653132e-05
60118.40369679869 3.25 0.4500000000000002 0.9906834819170723 0.00033885902220214247 1.0079050476981448 1.000007681625364 0.9999988899145011 0.9829829482051717 0.9907599860647077 -7.650414763538116e-05
60118.40391625277 3.25 0.4500000000000002 0.9907861143469436 0.0003389630870664828 1.0079046830066463 0.9999879439197011 1.0000152679273602 0.9826658172650298 0.9904366599905255 0.00034945435641808853
60118.40413570686 3.25 0.4500000000000002 0.9903645529132716 0.00033874355161493544 1.0079043183151235 0.9999949797619878 0.9999909584603635 0.9823577361894031 0.990108681596602 0.00025587131666959806
60118.40435516094 3.25 0.4500000000000002 0.9898540146550827 0.000338661525939337 1.007903953623625 0.9999759770155008 1.0000094002995559 0.9820596718936179 0.9898073519196608 4.6662735421865165e-05
60118.40457461503 3.25 0.4500000000000002 0.9897793970412815 0.00033870404752412217 1.0079035889321142 0.9999972687389649 0.9999925898369075 0.9817727227149502 0.9895222154938362 0.000257181547445251
60118.404794069116 3.25 0.4500000000000002 0.9890384639624863 0.00033873173336128727 1.0079032242406034 1.0000098547107248 1.0000006794437557 0.981498159043847 0.9892655800598 -0.00022711609731373983
60118.405013523196 3.25 0.4500000000000002 0.9882325944702902 0.00033854634664195825 1.0079028595491049 1.000025905363748 0.9999954066330554 0.9812374842880218 0.9890131435887398 -0.0007805491184496027
60118.4052329773 3.25 0.4500000000000002 0.9885691758568429 0.0003385477072296079 1.0079024948575699 1.000015457978627 0.9999775559522088 0.9809925322775315 0.988737912936431 -0.00016873707958808826
60118.405452431376 3.25 0.4500000000000002 0.988501943409086 0.0003385911615073222 1.0079021301660713 1.0000258982797352 0.9999695218883505 0.9807656359348178 0.9885112456360305 -9.302226944507552e-06
60118.40567188546 3.25 0.4500000000000002 0.9881048743393681 0.00033823786326426836 1.0079017654745606 1.0000363330857933 0.9999877469191648 0.9805599538476403 0.9883319066608593 -0.00022703232149123842
60118.40589133955 3.25 0.4500000000000002 0.9880408285426441 0.00033830776616878124 1.00790140078305 0.9999981472693754 0.9999962772607461 0.9803802291081486 0.9881210969547969 -8.026841215280633e-05
60118.406110793636 3.25 0.4500000000000002 0.988433129941789 0.00033858950658198527 1.0079010360915392 1.0000131023409482 0.9999982043260115 0.9802352987508175 0.9879913439639851 0.00044178597780386575
60118.40633024772 3.25 0.4500000000000002 0.9881964149770038 0.00033848404049042704 1.0079006714000285 1.0000011152791202 1.000000235910682 0.9801539558028292 0.987899164966799 0.00029725001020486364
60118.4065497018 3.25 0.4500000000000002 0.9885343398317683 0.0003384961449217792 1.00790030670853 0.99998194158039 1.000005126770218 0.9801001973373585 0.9878305149668843 0.0007038248648839618
60118.406769155896 3.25 0.4500000000000002 0.9878377010797372 0.00033832719626721806 1.0078999420170072 0.9999944554207839 1.000007326930584 0.9800493040311791 0.9877933972584797 4.430382125752974e-05
60118.40698860998 3.25 0.4500000000000002 0.9876117720957776 0.000338256044740195 1.0078995773254964 1.0000038875190795 1.0000123586351735 0.9800007416097191 0.9877583803088725 -0.00014660821309497862
60118.40720806407 3.25 0.4500000000000002 0.9876399449338076 0.00033820693948566203 1.0078992126339856 1.0000080295385108 0.9999942777399572 0.979954188195786 0.9876973335420601 -5.738860825255099e-05
60118.407427518156 3.25 0.4500000000000002 0.9877432377964198 0.0003384567028858518 1.007898847942475 0.9999998857293098 1.000005534398576 0.9799094160376699 0.9876549246987103 8.831309770951368e-05
60118.40764697224 3.25 0.4500000000000002 0.9876362690416163 0.00033840659995308263 1.0078984832509643 0.9999966700985536 1.0000039468191524 0.9798662512167121 0.9876063176486011 2.9951393015203998e-05
60118.40786642633 3.25 0.4500000000000002 0.987386748475024 0.00033829672489252814 1.0078981185594535 0.999986344335746 0.9999969445279646 0.979824554628651 0.9875468218644569 -0.00016007338943291316
60118.40808588041 3.25 0.4500000000000002 0.9878208658653306 0.00033842624930039496 1.007897753867955 0.9999850298442773 0.9999909441219622 0.9797842114453016 0.9874985798806184 0.0003222859847121784
60118.4083053345 3.25 0.4500000000000002 0.9872587039422652 0.00033804853035094624 1.0078973891764322 1.0000052420382584 0.9999933692091768 0.9797451246558952 0.9874811817957628 -0.00022247785349760463
60118.40852478858 3.25 0.4500000000000002 0.9873766646971309 0.0003382422260312304 1.0078970244849337 0.9999931831506936 0.999991442886678 0.9797072108504036 0.987428801813268 -5.2137116137052075e-05
60118.40874424267 3.25 0.4500000000000002 0.9868631527808089 0.0003382305433146599 1.007896659793423 0.9999915851570963 0.9999984618313269 0.9796703972821371 0.9873966934634064 -0.0005335406825974776
60118.40896369676 3.25 0.4500000000000002 0.9871124142449069 0.0003382541551961065 1.0078962951019002 0.9999696205069138 1.000005451994937 0.9796346197858308 0.9873454910057246 -0.00023307676081762985
60118.40918315084 3.25 0.4500000000000002 0.9874454985314657 0.00033822017524103503 1.0078959304104016 1.0000145226352504 1.0000056108836117 0.979599821225833 0.9873545518459937 9.094668547193763e-05
60118.409402604935 3.25 0.4500000000000002 0.9870056149974087 0.0003384202818112071 1.0078955657188786 0.9999939022476139 1.000006965507664 0.9795659503058158 0.9873010343354366 -0.00029541933802790243
60118.409622059015 3.25 0.4500000000000002 0.9876973314652855 0.0003382977382179578 1.00789520102738 1.0000179575974206 0.9999920720734952 0.979532960670768 0.987276472126461 0.00042085933882451965
60118.4098415131 3.25 0.4500000000000002 0.987037011909084 0.0003383907963546795 1.0078948363358695 1.000001872758464 0.9999954934842048 0.9795008101662365 0.9872312086107373 -0.00019419670165332636
60118.41006096719 3.25 0.4500000000000002 0.9873980142225005 0.0003384048639130784 1.0078944716443587 1.0000170768965277 0.9999863316231662 0.9794694602689955 0.9872052188161401 0.00019279540636041315
60118.410280421274 3.25 0.4500000000000002 0.9874895711133804 0.00033835341224606704 1.007894106952848 0.9999954750965113 0.9999949097980814 0.9794388756077167 0.9871611791182232 0.00032839199515721784
60118.41049987536 3.25 0.4500000000000002 0.9867359461889024 0.00033811027327145893 1.0078937422613372 1.0000256878876645 0.999986121377377 0.9794090235733846 0.9871518830225346 -0.00041593683363227996
60118.41071932944 3.25 0.4500000000000002 0.9870557839416642 0.00033822903544371253 1.0078933775698387 1.000018750363328 0.999994419950639 0.9793798739945963 0.9871234895761191 -6.770563445490652e-05
60118.410938783534 3.25 0.4500000000000002 0.9872031528963443 0.0003382119816376888 1.007893012878316 1.0000172521825361 0.9999890389347285 0.9793513988587222 0.9870876417206904 0.0001155111756538929
60118.41115823761 3.25 0.4500000000000002 0.987753723757792 0.0003383530115181264 1.0078926481868173 0.9999939809494083 1.0000036181929481 0.9793235720897272 0.9870506587099844 0.0007030650478075939
60118.41137769171 3.25 0.4500000000000002 0.9866879167122349 0.0003381787901936731 1.0078922834952946 0.9999948842046668 0.9999954163298602 0.9792963693350368 0.9870156803135154 -0.0003277636012805063
60118.411597145794 3.25 0.4500000000000002 0.9863249066213248 0.00033820735196746595 1.0078919188037838 0.9999897418487671 0.9999869728027426 0.9792697678079748 0.9869751028400374 -0.0006501962187126509
