1-transit analysis/LC/wasp-107b/jwst/4-nrs1/S5_wasp-107b_ap5_bg10_Table_Save_ch0.txt
# %ECSV 1.0
# ---
# datatype:
# - {name: time, datatype: float64}
# - {name: wavelength, datatype: float64}
# - {name: bin_width, datatype: float64}
# - {name: lcdata, datatype: float64}
# - {name: lcerr, datatype: float64}
# - {name: polynomial, datatype: float64}
# - {name: ypos, datatype: float64}
# - {name: ywidth, datatype: float64}
# - {name: astrophysical model, datatype: float64}
# - {name: model, datatype: float64}
# - {name: residuals, datatype: float64}
# schema: astropy-2.0
time wavelength bin_width lcdata lcerr polynomial ypos ywidth "astrophysical model" model residuals
[from data line 432]
60118.37582612958 3.25 0.4500000000000002 1.0077713052442354 0.00034186072631243623 1.0079513635201853 0.9999943671883266 1.0000117102144754 1.0 1.0079574891801404 -0.00018618393590497107
60118.37604558367 3.25 0.4500000000000002 1.0074852890490678 0.00034169106568149933 1.0079509988286748 0.9999918212862764 1.0000046642107965 1.0 1.0079474563434883 -0.0004621672944205013
60118.376265037754 3.25 0.4500000000000002 1.0078978294846326 0.00034190096769187044 1.007950634137164 0.9999867709718109 1.0000034794454664 1.0 1.0079408069926805 -4.297750804793665e-05
60118.37648449184 3.25 0.4500000000000002 1.0081580892256516 0.00034191246696583063 1.0079502694456532 0.9999842938215587 0.9999991628412731 1.0 1.0079335945977501 0.00022449462790152808
60118.376703945934 3.25 0.4500000000000002 1.0077375765958008 0.0003417397887833082 1.0079499047541305 1.0000051290290681 0.9999894628385592 1.0 1.0079444535731454 -0.00020687697734467214
60118.37692340002 3.25 0.4500000000000002 1.007716270501979 0.00034183914790196116 1.0079495400626197 0.9999989832931142 0.99999480657294 1.0 1.0079432805662876 -0.00022701006430847492
60118.37714285411 3.25 0.4500000000000002 1.007994030002611 0.0003417626113308089 1.0079491753711092 1.0000033485689328 0.9999857325861354 1.0 1.007938169682209 5.5860320401945884e-05
60118.377362308194 3.25 0.4500000000000002 1.0078435356062927 0.00034198035031767263 1.0079488106795984 1.000001525000169 1.0000024867214168 1.0 1.007952854293422 -0.00010931868712926729
60118.37758176229 3.25 0.4500000000000002 1.0079366638189349 0.0003417191082954556 1.0079484459880756 1.0000016967698007 1.0000064762630594 1.0 1.007956683994922 -2.0020175987234268e-05
60118.37780121637 3.25 0.4500000000000002 1.0076538554968912 0.0003417524349937621 1.007948081296577 0.9999912824020162 1.0000128534553048 1.0 1.0079522499130864 -0.00029839441619516904
60118.37802067046 3.25 0.4500000000000002 1.0080013027334265 0.00034175888819871483 1.0079477166050541 1.0000111011298058 1.0000040658709075 1.0 1.0079630041942853 3.829853914116832e-05
60118.37824012455 3.25 0.4500000000000002 1.0078707453953648 0.00034177937075866174 1.0079473519135436 1.0000002047612824 1.0000038994496594 1.0 1.0079514887428989 -8.074334753405132e-05
60118.37845957864 3.25 0.4500000000000002 1.0077393460887578 0.0003417133744738406 1.0079469872220208 1.0000029246671516 1.0000137709323784 1.0 1.0079638155418624 -0.0002244694531046143
60118.37867903273 3.25 0.4500000000000002 1.0081822708140233 0.0003418286683506208 1.00794662253051 1.0000178162593798 0.9999986122604413 1.0 1.007963181576656 0.00021908923736724262
60118.37889848681 3.25 0.4500000000000002 1.0080529350154805 0.0003418697528725631 1.0079462578390115 1.0000269728431592 1.0000034748543578 1.0 1.007976947576255 7.59874392255444e-05
60118.37911794091 3.25 0.4500000000000002 1.0083964014602498 0.000341971224778435 1.0079458931474765 1.0000039199613533 1.0000011170507834 1.0 1.007950970187587 0.00044543127266272187
60118.37933739499 3.25 0.4500000000000002 1.0080698264285572 0.0003418542350311606 1.007945528455978 1.0000076674969538 0.9999858841070126 1.0 1.0079390287149366 0.00013079771362067838
60118.379556849075 3.25 0.4500000000000002 1.0077756803562934 0.00034201919538216167 1.0079451637644672 1.000012069223108 0.9999932405270566 1.0 1.0079505156192368 -0.0001748352629433736
60118.37977630317 3.25 0.4500000000000002 1.0083890864242628 0.0003421408068022834 1.0079447990729444 0.9999988862657357 1.0000076319855364 1.0 1.0079513691018456 0.0004377173224172637
60118.379995757256 3.25 0.4500000000000002 1.0078727507020595 0.00034192334090847235 1.0079444343814337 0.9999949983063606 0.9999995114503224 1.0 1.0079389005237018 -6.614982164232508e-05
60118.38021521135 3.25 0.4500000000000002 1.0077868277991326 0.0003417780944639074 1.007944069689911 0.9999909442114638 1.000014496274779 1.0 1.0079495532634375 -0.00016272546430484702
60118.38043466543 3.25 0.4500000000000002 1.0079970666551403 0.00034186363328758023 1.0079437049984123 0.9999866895282143 1.000007399203063 1.0 1.0079377466730455 5.931998209485201e-05
60118.380654119515 3.25 0.4500000000000002 1.008003354193589 0.000341858057882365 1.0079433403069016 1.0000085030684107 1.0000037989537647 1.0 1.007955740080785 4.7614112804073017e-05
60118.38087357361 3.25 0.4500000000000002 1.0081093171057747 0.00034179101654615066 1.0079429756153788 0.9999906707271278 0.9999892210658252 1.0 1.007922707790692 0.0001866093150826309
60118.381093027696 3.25 0.4500000000000002 1.0082695969129438 0.0003418922190452453 1.007942610923868 1.0000008407892569 1.0000036784153956 1.0 1.007947166025922 0.000322430887021774
60118.38131248178 3.25 0.4500000000000002 1.0079475618915963 0.00034180121352984385 1.0079422462323575 0.999977857550393 0.9999991754416643 1.0 1.0079190968331853 2.8465058411031308e-05
60118.38153193587 3.25 0.4500000000000002 1.0083034058998932 0.00034186029543027604 1.0079418815408467 1.0000110928543104 0.9999892817407908 1.0 1.0079422589910976 0.0003611469087956287
60118.38175138996 3.25 0.4500000000000002 1.0076964374643749 0.0003419100048634968 1.007941516849324 0.9999752820428534 1.0000083523792858 1.0 1.0079250210958575 -0.00022858363148259286
60118.38197084404 3.25 0.4500000000000002 1.0083324213684086 0.00034209698454156146 1.0079411521578252 0.999989922620166 1.0000052410698392 1.0 1.0079362773887213 0.0003961439796873467
60118.382190298136 3.25 0.4500000000000002 1.0075639608514133 0.0003415765614939182 1.0079407874663024 1.0000072772077506 0.9999905355349005 1.0 1.007938582770986 -0.00037462191957260416
60118.38240975222 3.25 0.4500000000000002 1.008080102934166 0.0003417853733302232 1.007940422774792 1.000006643299422 0.9999981627035075 1.0 1.0079452669271138 0.0001348360070521082
60118.38262920631 3.25 0.4500000000000002 1.0079276531044215 0.00034184289047367963 1.0079400580832811 1.0000081841168411 0.9999943504570696 1.0 1.0079426127352522 -1.4959630830757575e-05
60118.3828486604 3.25 0.4500000000000002 1.007859937655161 0.00034179880815275715 1.0079396933917584 1.0000122214670801 0.9999919955925741 1.0 1.0079439438349709 -8.400617980997005e-05
60118.38306811448 3.25 0.4500000000000002 1.0076651236647929 0.00034177460905345967 1.0079393287002596 1.0000222742342197 1.0000034884385838 1.0 1.00796529598971 -0.0003001723249171917
60118.38328756858 3.25 0.4500000000000002 1.0081799470679458 0.0003417674698078109 1.0079389640087368 1.0000122542937235 1.0000106028856623 1.0 1.0079620027814096 0.00021794428653620912
60118.38350702266 3.25 0.4500000000000002 1.0083403380210356 0.0003419377955989203 1.0079385993172263 0.9999900752579209 1.0000085833540702 1.0 1.0079372471946115 0.00040309082642409066
60118.38372647675 3.25 0.4500000000000002 1.0078021321547712 0.0003417996869706786 1.0079382346257155 1.0000164822652313 0.9999986722383571 1.0 1.007953509407251 -0.0001513772524797119
60118.38394593084 3.25 0.4500000000000002 1.0076812938203374 0.00034185201014199073 1.0079378699342048 0.9999967860040112 0.9999995816805856 1.0 1.0079342087873093 -0.0002529149669718844
60118.38416538493 3.25 0.4500000000000002 1.0074183457904078 0.0003416505296248805 1.007937505242682 1.0000005928592852 0.9999871547467891 1.0 1.0079251555876394 -0.000506809797231611
60118.38438483902 3.25 0.4500000000000002 1.0079569129272152 0.00034181038278267563 1.0079371405511712 1.0000193613466148 0.9999832435830854 1.0 1.0079397658295628 1.7147097652436827e-05
60118.384604293096 3.25 0.4500000000000002 1.0080463446093746 0.0003418263635258458 1.0079367758596727 1.0000000794906083 1.0000041370966788 1.0 1.0079410259133994 0.00010531869597518728
60118.38482374719 3.25 0.4500000000000002 1.0082184280379989 0.0003417432176839422 1.00793641116815 1.000004132115749 0.9999833238503315 1.0 1.0079237675101649 0.0002946605278340009
60118.38504320128 3.25 0.4500000000000002 1.0075269296954656 0.0003417661325059963 1.0079360464766391 0.9999964193005881 1.0000110269129734 1.0 1.0079435517439002 -0.0004166220484345118
60118.38526265536 3.25 0.4500000000000002 1.0080309720728216 0.00034171397152608283 1.0079356817851286 0.999984942658874 1.0000142443597904 1.0 1.0079348621360475 9.610993677400259e-05
60118.38548210945 3.25 0.4500000000000002 1.0084907760382176 0.00034189965164860406 1.0079353170936178 0.9999999514101193 1.0000157508838898 1.0 1.0079511439895377 0.0005396320486799056
60118.38570156354 3.25 0.4500000000000002 1.0074605914475214 0.00034169716145833126 1.007934952402107 0.9999801195510825 1.0000174634228987 1.0 1.0079325158471664 -0.0004719243996449407
60118.38592101763 3.25 0.4500000000000002 1.0077443548407163 0.00034198111405549307 1.0079345877105843 0.999994613677963 0.9999996273163377 1.0 1.0079287830115726 -0.00018442817085628782
60118.38614047171 3.25 0.4500000000000002 1.0077673460540901 0.0003417694129352259 1.0079342230190858 0.9999886172284568 0.9999916885294078 1.0 1.0079143726137993 -0.00014702655970921796
60118.386359925804 3.25 0.4500000000000002 1.0081962118982513 0.00034180597262559956 1.007933858327563 0.9999900835031872 1.0000047027253873 1.0 1.0079286031438093 0.0002676087544419836
60118.38657937989 3.25 0.4500000000000002 1.00793488579265 0.0003417071202535117 1.0079334936360522 0.999981369177521 0.9999975985766084 1.0 1.0079122945760883 2.2591216561673733e-05
60118.38679883398 3.25 0.4500000000000002 1.0077137434468377 0.0003419179694106016 1.0079331289445415 1.000001060575307 0.9999998357155993 1.0 1.0079340323456634 -0.00022028889882563796
60118.38701828807 3.25 0.4500000000000002 1.007854888258327 0.0003418204282388998 1.0079327642530187 0.9999927807105368 1.0000004370883102 1.0 1.0079259282470823 -7.103998875535034e-05
60118.38723774215 3.25 0.4500000000000002 1.0081914972648645 0.00034202759963461324 1.0079323995615201 1.0000199007316855 0.9999951722031937 1.0 1.0079475919641026 0.0002439053007619041
60118.387457196244 3.25 0.4500000000000002 1.0078287347969934 0.0003417103189779398 1.0079320348699974 1.0000089660999518 1.0000005328316168 1.0 1.0079416091522377 -0.00011287435524431899
60118.38767665032 3.25 0.4500000000000002 1.0083106088354097 0.00034182358745546583 1.0079316701784986 1.0000003012957215 1.0000040318408678 1.0 1.0079360376853226 0.0003745711500870996
60118.38789610442 3.25 0.4500000000000002 1.0077265971116938 0.0003417865820233695 1.0079313054869758 1.0000063180568566 0.9999950463546388 1.0 1.0079326806884898 -0.00020608357679607892
60118.388115558504 3.25 0.4500000000000002 1.0084304105032944 0.00034181372407103783 1.007930940795465 1.000014436492023 0.999998165378005 1.0 1.0079436425834825 0.0004867679198119479
60118.38833501258 3.25 0.4500000000000002 1.0080530638856513 0.00034182984678721466 1.0079305761039665 0.999996943177282 0.9999987328972663 1.0 1.0079262178911992 0.0001268459944521183
60118.388554466685 3.25 0.4500000000000002 1.008102183991358 0.0003418665212682917 1.0079302114124318 1.000007328269263 0.9999958120222902 1.0 1.0079333765762268 0.00016880741513114472
60118.388773920764 3.25 0.4500000000000002 1.0088879719928212 0.0003418774978466724 1.007929846720933 1.0000192790620295 0.9999960626570108 1.0 1.0079453100209435 0.0009426619718777562
60118.38899337485 3.25 0.4500000000000002 1.0079104840836057 0.0003418503759634295 1.0079294820294225 0.9999953492185104 0.9999973683879161 1.0 1.0079221419025761 -1.1657818970389755e-05
60118.38921282894 3.25 0.4500000000000002 1.0081785548185216 0.0003418812295212344 1.0079291173379117 0.9999884070478142 1.0000114679068643 1.0 1.0079289911670903 0.0002495636514312505
60118.38943228303 3.25 0.4500000000000002 1.0082385026593672 0.0003418616337515639 1.007928752646389 0.9999811883537307 1.0000115475874327 1.0 1.0079214307736752 0.0003170718856919663
60118.38965173712 3.25 0.4500000000000002 1.0078185677761262 0.0003417798235578367 1.0079283879548782 0.9999740529918558 1.000000900655115 1.0 1.0079031430010907 -8.457522496452263e-05
60118.3898711912 3.25 0.4500000000000002 1.0079646667202504 0.00034170948779978005 1.0079280232633796 0.9999738267896989 1.0000214380153465 1.0 1.0079232499621391 4.141675811131229e-05
60118.3900906453 3.25 0.4500000000000002 1.0079622294192592 0.00034163150655075903 1.0079276585718446 1.000015116943889 0.9999897484247209 1.0 1.0079325623552347 2.9667064024518908e-05
60118.39031009938 3.25 0.4500000000000002 1.0083448138983413 0.0003418632987188971 1.007927293880346 0.9999789749235872 1.0000091188414897 1.0 1.0079152930679556 0.0004295208303857212
60118.390529553464 3.25 0.4500000000000002 1.007331360443442 0.0003417606638776111 1.0079269291888353 0.9999976720192838 0.9999930143580298 1.0 1.0079175417541126 -0.0005861813106706748
60118.39074900755 3.25 0.4500000000000002 1.008062677149404 0.0003416939945199429 1.0079265644973248 1.0000018597571676 1.0000119241633658 1.0 1.0079404576993451 0.00012221945005874701
60118.390968461645 3.25 0.4500000000000002 1.0078850953822662 0.0003416970838049618 1.0079261998058018 0.9999984834000742 1.0000030549423378 1.0 1.0079277503367534 -4.2654954487186814e-05
60118.39118791573 3.25 0.4500000000000002 1.0076034480534646 0.00034175030038597953 1.0079258351142912 0.9999895649037608 1.000007210926177 1.0 1.0079225853141458 -0.0003191372606812237
60118.39140736981 3.25 0.4500000000000002 1.0078851233773294 0.00034167508869745443 1.0079254704227925 1.0000013353726858 0.9999905682153774 1.0 1.0079173098302876 -3.2186452958216094e-05
60118.391626823905 3.25 0.4500000000000002 1.0078503862452148 0.00034178293101923415 1.0079251057312697 1.0000031908255023 0.9999953192306231 1.0 1.0079236039643786 -7.321771916379838e-05
60118.39184627799 3.25 0.4500000000000002 1.0080279624191637 0.0003418796753409143 1.0079247410397592 1.0000349145670673 0.999990742951147 0.99995182684148 1.0079020453972845 0.00012591702187925158
60118.39206573208 3.25 0.4500000000000002 1.0074120356336553 0.0003416867624985518 1.0079243763482484 1.0000261912854496 0.9999895599137801 0.9998618450966976 1.0078010002022404 -0.00038896456858505957
60118.392285186164 3.25 0.4500000000000002 1.0078243372233358 0.0003418025944037798 1.0079240116567376 1.0000182416736434 0.9999887900152149 0.9997444060216952 1.0076734777392569 0.00015085948407889127
60118.392504640244 3.25 0.4500000000000002 1.0079558921745624 0.0003418250741058241 1.007923646965239 1.0000163456374576 1.000010640510106 0.9996047161659356 1.0075524204414161 0.0004034717331462545
60118.392724094345 3.25 0.4500000000000002 1.0079834526526807 0.00034175967222820677 1.007923282273704 1.0000093625864477 1.0000136991992978 0.9994458635858853 1.0073879870397207 0.0005954656129600888
60118.392943548424 3.25 0.4500000000000002 1.0073019286492233 0.00034183675190403246 1.0079229175822055 1.0000193850767944 1.0000043492265136 0.9992699894429812 1.0072110281812958 9.090046792747941e-05
60118.39316300251 3.25 0.4500000000000002 1.0070580803278615 0.000341666140239549 1.0079225528906948 0.9999938681167632 1.000003086182036 0.9990787106847462 1.0069908975903294 6.718273753203441e-05
60118.3933824566 3.25 0.4500000000000002 1.006364059878589 0.000341402718975052 1.0079221881991842 1.0000106377601292 1.0000084021778486 0.9988733173261091 1.0068057489771318 -0.0004416890985428079
60118.39360191069 3.25 0.4500000000000002 1.0063541329745362 0.0003415671534119649 1.0079218235076615 1.0000165795614784 0.9999871368832303 0.9986548789596252 1.0065697872882013 -0.00021565431366510346
60118.39382136478 3.25 0.4500000000000002 1.0065487780992224 0.0003415455925386331 1.0079214588161507 0.999999860770327 1.000001274382556 0.9984243082684963 1.0063344276494404 0.00021435044978201923
60118.39404081886 3.25 0.4500000000000002 1.006447096541711 0.0003414376264776959 1.0079210941246521 1.000009051382712 0.9999827217476114 0.9981824015645107 1.006080821199635 0.00036627534207589463
60118.39426027295 3.25 0.4500000000000002 1.005532992436292 0.0003413769756597391 1.0079207294331292 0.9999990294739547 0.9999832546531155 0.9979298661313369 1.0058163793796981 -0.0002833869434062386
