1-transit analysis/LC/wasp-107b/jwst/2/S5_wasp-107b_ap5_bg11_Table_Save_ch0.txt
# %ECSV 1.0
# ---
# datatype:
# - {name: time, datatype: float64}
# - {name: wavelength, datatype: float64}
# - {name: bin_width, datatype: float64}
# - {name: lcdata, datatype: float64}
# - {name: lcerr, datatype: float64}
# - {name: polynomial, datatype: float64}
# - {name: exp. ramp, datatype: float64}
# - {name: ypos, datatype: float64}
# - {name: ywidth, datatype: float64}
# - {name: astrophysical model, datatype: float64}
# - {name: model, datatype: float64}
# - {name: residuals, datatype: float64}
# schema: astropy-2.0
time wavelength bin_width lcdata lcerr polynomial "exp. ramp" ypos ywidth "astrophysical model" model residuals
[from data line 2526]
59963.990598340715 7.75 2.75 0.9855272835333103 0.0003178490958231545 1.0067498525853804 1.000000053213384 0.9999877642343508 0.9999993107685476 0.9789216994947919 0.9855165911469487 1.0692386361643713e-05
59963.99067382011 7.75 2.75 0.9855069344382157 0.00031779775451954974 1.0067499019819173 1.0000000530330206 1.0000047863040402 0.9999999449410485 0.978923416385844 0.9855357685488847 -2.8834110669007096e-05
59963.990749299504 7.75 2.75 0.9857566576085771 0.0003178525292029513 1.006749951378454 1.0000000528532687 1.0000240193506378 0.9999987988375907 0.9789251414610413 0.9855553787042521 0.0002012789043249752
59963.990824778906 7.75 2.75 0.9859937302947066 0.0003179191115034741 1.0067500007749954 1.000000052674126 1.0000147209949652 0.9999986195194284 0.9789268747500969 0.9855478313451062 0.00044589894960045395
59963.9909002583 7.75 2.75 0.9852115887538454 0.0003177297819351837 1.0067500501715323 1.0000000524955905 0.9999433915520004 1.0000006103059982 0.9789286162824599 0.9854812970469325 -0.0002697082930871453
59963.990975737695 7.75 2.75 0.9847889286434347 0.00031774117450591565 1.006750099568069 1.0000000523176602 1.0000161772233243 1.0000008640404523 0.978930366088319 0.9855550899225004 -0.0007661612790657024
59963.99105121709 7.75 2.75 0.9859733056369534 0.0003179082876199545 1.0067501489646058 1.000000052140333 0.9999866484000531 1.0000022993187265 0.9789321241979382 0.9855292207521578 0.0004440848847956369
59963.9911266965 7.75 2.75 0.9854110274731932 0.0003178227050638373 1.006750198361152 1.0000000519636065 1.000000727252369 1.0000005293742373 0.9789338906421666 0.9855431782573691 -0.00013215078417594395
59963.99120217589 7.75 2.75 0.9856199058700914 0.0003178786802442024 1.0067502477576842 1.0000000517874794 1.0000294469034332 0.9999987838767155 0.9789356654509057 0.9855715974046974 4.8308465394053535e-05
59963.99127765528 7.75 2.75 0.9855448080759325 0.00031783274866021465 1.0067502971542208 1.0000000516119492 1.0000224802141209 1.0000034547882128 0.9789374486558403 0.9855711784000395 -2.6370324107016785e-05
59963.991353134676 7.75 2.75 0.9851454728917327 0.0003177765180888378 1.0067503465507577 1.0000000514370138 0.999999692426728 0.9999958749023747 0.9789392402880541 0.985543101499412 -0.0003976286076793345
59963.991428614085 7.75 2.75 0.9854465970192468 0.0003177840040170171 1.0067503959473039 1.0000000512626712 0.9999655459898307 1.0000002484615094 0.9789410403794029 0.9855156192688991 -6.90222496523285e-05
59963.99150409348 7.75 2.75 0.9857479093427277 0.0003178765392167695 1.0067504453438407 1.0000000510889198 1.0000011059925402 1.0000004771674076 0.9789428489609565 0.9855527597940605 0.00019514954866717282
59963.99157957287 7.75 2.75 0.9851935317242513 0.0003177654291838016 1.0067504947403727 1.0000000509157574 1.0000076084568665 0.9999991685371038 0.9789446660649093 0.9855597561455012 -0.0003662244212498944
59963.99165505226 7.75 2.75 0.9854384903108613 0.0003178023462940549 1.0067505441369096 1.0000000507431817 0.9999879788861036 0.9999996917248266 0.9789464917238955 0.9855428119472033 -0.00010432163634199743
59963.99173053167 7.75 2.75 0.9857614632510487 0.0003179156987115097 1.0067505935334558 1.000000050571191 0.9999962330404106 0.999999706533257 0.9789483259706435 0.9855528562703809 0.0002086069806678248
59963.991806011065 7.75 2.75 0.9853782865040963 0.00031777043504444436 1.0067506429299926 1.0000000503997832 1.0000205094325498 0.9999982821405397 0.9789501688372616 0.9855772817100615 -0.00019899520596522446
59963.99188149045 7.75 2.75 0.9859717646152637 0.0003179428622738858 1.0067506923265246 1.0000000502289563 1.0000269769033514 0.999998484577483 0.9789520203570086 0.9855857675464649 0.0003859970687988268
59963.99195696985 7.75 2.75 0.9856093637405163 0.0003178251617605985 1.0067507417230614 1.0000000500587087 1.000015493372592 0.9999986025001368 0.9789538805635982 0.985576487049622 3.287669089435674e-05
59963.992032449256 7.75 2.75 0.9852136349396449 0.0003177696668342334 1.0067507911196076 1.0000000498890378 1.0000636554948856 1.0000023043684143 0.9789557494908459 0.9856295322857345 -0.00041589734608959983
59963.99210792865 7.75 2.75 0.9853130366136597 0.00031785029541302575 1.0067508405161445 1.0000000497199422 0.9999756503408418 0.9999986557143796 0.9789576271719407 0.9855411399293318 -0.0002281033156721346
59963.99218340804 7.75 2.75 0.9853098231248019 0.00031782267522629165 1.0067508899126765 1.0000000495514199 0.9999536817940551 1.0000005225306317 0.9789595136412506 0.9855232755883474 -0.00021345246354553815
59963.99225888743 7.75 2.75 0.985038522684477 0.00031777373226073814 1.006750939309213 1.0000000493834684 1.0000016082185579 0.9999990126505063 0.9789614089336135 0.9855709785708532 -0.0005324558863761819
59963.99233436684 7.75 2.75 0.9860137723282626 0.0003178675297492909 1.0067509887057595 1.0000000492160863 0.9999886917401769 0.9999986152978629 0.9789633130839769 0.9855598220432858 0.00045395028497674517
59963.992409846236 7.75 2.75 0.98571498818397 0.0003178122417670019 1.0067510381022962 1.0000000490492718 1.0000168991580045 1.0000010407773332 0.9789652261266568 0.9855919871674155 0.00012300101655449147
59963.99248532563 7.75 2.75 0.9856470633095548 0.000317832643190999 1.006751087498833 1.0000000488830223 0.999993745916389 0.9999991632022011 0.9789671480973627 0.9855693005511675 7.776275838722313e-05
59963.992560805025 7.75 2.75 0.9854048874624363 0.00031781670491485165 1.0067511368953699 1.0000000487173366 1.0000206074867894 1.000001728057509 0.9789690790317335 0.9856002947778167 -0.00019540731538048028
59963.99263628443 7.75 2.75 0.9849892458286736 0.00031776423316066206 1.0067511862919114 1.0000000485522123 0.9999724940734511 0.9999972227665452 0.9789710189658939 0.9855504361313119 -0.000561190302638237
59963.99271176382 7.75 2.75 0.9852707424353508 0.0003177665346232834 1.006751235688448 1.0000000483876479 1.000023511237734 0.9999976769845464 0.9789729679357098 0.9856031755477372 -0.00033243311238639883
59963.992787243216 7.75 2.75 0.9849689849708677 0.00031778824354132323 1.006751285084985 1.000000048223641 1.0000210566687262 0.9999997621736891 0.9789749259779124 0.9856048310422526 -0.0006358460713848935
59963.99286272262 7.75 2.75 0.9850386357529702 0.00031773879467213753 1.0067513344815264 1.00000004806019 1.000027328483767 0.9999996109854813 0.9789768931295454 0.9856128921146589 -0.0005742563616886187
59963.99293820201 7.75 2.75 0.9858227701002903 0.0003178617711426258 1.0067513838780633 1.0000000478972932 1.0000267722434821 0.9999994730954056 0.9789788694273946 0.9856142458775269 0.00020852422276340654
59963.99301368141 7.75 2.75 0.985675018878574 0.0003178350846065323 1.0067514332746 1.0000000477349484 0.9999692114995012 0.9999996338823443 0.9789808549091299 0.9855597201930005 0.00011529868557347278
59963.9930891608 7.75 2.75 0.9855871569353369 0.00031780803995256593 1.0067514826711368 1.000000047573154 0.9999998615389118 0.9999971779200715 0.9789828496125499 0.9855895643582057 -2.4074228687220867e-06
59963.993164640204 7.75 2.75 0.9858449115453614 0.00031786669474251654 1.0067515320676783 1.000000047411908 0.9999948628172874 0.9999986527432788 0.9789848535759695 0.9855881569162441 0.00025675462911722846
59963.9932401196 7.75 2.75 0.9857154397379597 0.00031785265919496617 1.006751581464215 1.0000000472512083 1.000040135857506 1.0000019512035103 0.9789868668374493 0.9856381039343227 7.733580363700199e-05
59963.99331559899 7.75 2.75 0.9851833061989741 0.00031779752200710495 1.0067516308607518 1.0000000470910535 0.9999895919410973 0.9999999583183523 0.9789888894359577 0.9855884081967339 -0.0004051019977597825
59963.99339107839 7.75 2.75 0.9854967776009218 0.0003178048121054489 1.0067516802572887 1.0000000469314414 0.9999761392982517 0.9999994942684326 0.9789909214106036 0.9855767857781121 -8.000817719033826e-05
59963.99346655779 7.75 2.75 0.9861262939834291 0.00031785868658639474 1.0067517296538302 1.0000000467723704 0.9999765516728228 1.0000011836187355 0.9789929628010294 0.9855809605291793 0.0005453334542497856
59963.993542037184 7.75 2.75 0.9854475239586571 0.0003178493547730111 1.0067517790503668 1.0000000466138383 1.0000097729461517 0.9999981993661655 0.9789950136466272 0.9856128751466885 -0.00016535118803140403
59963.99361751658 7.75 2.75 0.9856117502280897 0.0003178308504593205 1.0067518284469037 1.0000000464558438 1.000034567168076 1.0000004585366433 0.9789970739877227 0.9856416616687973 -2.9911440707630632e-05
59963.99369299597 7.75 2.75 0.985807771793009 0.000317799861359896 1.0067518778434403 1.000000046298385 0.9999695401441501 1.0000022931241541 0.9789991438647934 0.9855815106643484 0.00022626112866064307
59963.993768475375 7.75 2.75 0.9857455057589076 0.0003178867393596978 1.0067519272399819 1.0000000461414595 1.0000347433914922 1.0000006505227492 0.9790012233188694 0.9856462984922512 9.920726665646473e-05
59963.99384395477 7.75 2.75 0.9857623126237036 0.00031782761030306 1.0067519766365187 1.000000045985066 1.0000495289713418 0.999997777448359 0.9790033123907349 0.9856601909470557 0.00010212167664791494
59963.993919434164 7.75 2.75 0.9856383740050185 0.0003178573705035576 1.0067520260330556 1.0000000458292027 1.000015764339022 1.0000003575268581 0.9790054111221348 0.9856316162846185 6.7577204000413005e-06
59963.99399491356 7.75 2.75 0.9860226080848152 0.00031790423611472145 1.0067520754295922 1.0000000456738676 1.0000214947432873 1.0000009500294031 0.9790075195549779 0.9856400191799192 0.000382588904896064
59963.99407039297 7.75 2.75 0.9858753384964919 0.0003178851161487105 1.0067521248261386 1.000000045519059 1.0000122931049338 0.9999976203757478 0.9790096377319505 0.9856298487731748 0.00024548972331706054
59963.994145872355 7.75 2.75 0.985581743721394 0.00031784345094894225 1.0067521742226706 1.000000045364775 1.0000323318551239 1.000000604469163 0.9790117656946794 0.9856547312091439 -7.298748774997588e-05
59963.99422135175 7.75 2.75 0.9857091319476361 0.00031782682705608464 1.0067522236192072 1.000000045211014 1.000012591227555 1.000000398207393 0.9790139034870081 0.9856372715606083 7.186038702777786e-05
59963.99429683115 7.75 2.75 0.9855792676469614 0.000317851124703063 1.0067522730157488 1.0000000450577744 1.0000068734893777 0.9999999061948741 0.9790160511523465 0.9856333614637097 -5.409381674836844e-05
59963.99437231055 7.75 2.75 0.9863386549503426 0.0003179599176539902 1.0067523224122905 1.000000044905054 0.9999798139267881 1.000001078100385 0.9790182087342812 0.9856100661951946 0.0007285887551479187
59963.99444778994 7.75 2.75 0.9860494286447181 0.0003178290496753336 1.0067523718088225 1.0000000447528512 1.0000081075208014 1.000001968468592 0.9790203762765758 0.9856410611999512 0.00040836744476691056
59963.994523269335 7.75 2.75 0.9852356082162768 0.0003177973358150446 1.0067524212053591 1.0000000446011643 0.9999824524011521 1.0000004519109538 0.9790225538244323 0.9856165203495 -0.00038091213322322126
59963.994598748744 7.75 2.75 0.9856424588560753 0.00031786163973551246 1.0067524706019055 1.0000000444499915 0.9999886975488071 0.9999986796949921 0.9790247414230406 0.9856231795960925 1.9279259982796226e-05
59963.99467422814 7.75 2.75 0.9851277257369658 0.0003177662095123544 1.0067525199984422 1.0000000442993313 0.999997979642098 1.0000003435025304 0.9790269391169374 0.9856362289925747 -0.0005085032556089164
59963.994749707526 7.75 2.75 0.98556146150813 0.00031784215461820917 1.0067525693949744 1.0000000441491816 0.9999821567855998 1.000000655184011 0.9790291469521186 0.985623211497399 -6.174998926899988e-05
59963.99482518692 7.75 2.75 0.9859189820484975 0.0003178716171213233 1.006752618791511 1.0000000439995407 1.000014040585926 0.9999999617552804 0.9790313649752117 0.9856562352367726 0.0002627468117248899
59963.99490066633 7.75 2.75 0.9855084301116701 0.0003177916903987133 1.0067526681880574 1.000000043850407 1.0000183267220533 1.000001164491747 0.9790335932330558 0.9856639368871504 -0.00015550677548026304
59963.994976145725 7.75 2.75 0.9854950846410073 0.0003178166534195413 1.006752717584594 1.000000043701779 1.0000008244085408 1.0000009884954406 0.979035831771836 0.9856488142077394 -0.00015372956673209703
59963.99505162511 7.75 2.75 0.9860341104749843 0.0003179156340727867 1.006752766981126 1.0000000435536547 1.0000295305156606 1.0000001823321663 0.9790380806392364 0.9856786260462161 0.00035548442876820463
59963.99512710451 7.75 2.75 0.9861231238640363 0.0003179239835590947 1.006752816377663 1.0000000434060325 0.9999782305244609 1.000001326118332 0.9790403398835973 0.9856315122509131 0.0004916116131232773
59963.995202583916 7.75 2.75 0.9856949240131002 0.0003179182578158988 1.006752865774209 1.0000000432589105 1.000099362250509 0.9999968532109528 0.9790426095534871 0.9857488303671837 -5.3906354083532726e-05
59963.99527806331 7.75 2.75 0.985632276115121 0.00031785861803039294 1.006752915170746 1.0000000431122873 1.0000504984566996 0.9999996745625424 0.9790448896968214 0.9857057926174718 -7.351650235076779e-05
59963.9953535427 7.75 2.75 0.9855057046500116 0.0003178369985741172 1.006752964567278 1.000000042966161 0.999989802108706 0.9999989707845712 0.979047180363056 0.9856476275467092 -0.00014192289669756608
59963.99542902209 7.75 2.75 0.9858307619310981 0.000317852574277956 1.0067530139638148 1.00000004282053 0.9999928187762724 1.0000018986224122 0.9790494816023289 0.9856558517615384 0.0001749101695597277
59963.9955045015 7.75 2.75 0.9860541906224135 0.00031788267200151706 1.006753063360361 1.0000000426753926 0.9999656082704955 1.0000003375217377 0.9790517934650244 0.9856298683241189 0.00042432229829458823
59963.995579980896 7.75 2.75 0.9859010066716983 0.00031786921722460514 1.0067531127568978 1.0000000425307471 1.0000115287319482 0.9999977764499479 0.9790541160008753 0.98567499253692 0.00022601413477829624
59963.99565546028 7.75 2.75 0.9858937813515153 0.0003178623024385265 1.0067531621534298 1.000000042386592 1.0000414304329313 0.9999990985883005 0.9790564492611988 0.98570816613086 0.00018561522065529967
59963.99573093968 7.75 2.75 0.985705298357873 0.0003178315951233536 1.0067532115499667 1.0000000422429254 0.9999673314995301 1.0000014889646414 0.9790587932980214 0.9856398932860804 6.540507179264576e-05
59963.99580641909 7.75 2.75 0.9853978759483868 0.00031780059119742465 1.0067532609465129 1.0000000420997457 1.0000317259380864 1.0000008060606105 0.9790611481636345 0.9857051110157834 -0.0003072350673966051
59963.99588189848 7.75 2.75 0.9860508341644142 0.00031793088656754135 1.0067533103430497 1.0000000419570514 0.9999902182811574 1.0000001031753907 0.9790635139096832 0.9856659351167973 0.000384899047616849
59963.99595737787 7.75 2.75 0.9855649200545296 0.0003178081430546137 1.0067533597395817 1.0000000418148407 1.0000128055670665 0.9999998993473275 0.9790658905894403 0.9856904389255801 -0.00012551887105050064
59963.99603285727 7.75 2.75 0.9853754841583181 0.0003178013267431425 1.0067534091361232 1.000000041673112 1.0000265373135413 1.000003886113294 0.9790682782571483 0.985710355864994 -0.00033487170667589883
59963.99610833667 7.75 2.75 0.9857135453357617 0.0003178925110669888 1.0067534585326647 1.0000000415318637 0.9999907727551779 1.0000018329187232 0.9790706769664138 0.9856755426441436 3.800269161813308e-05
59963.99618381607 7.75 2.75 0.9853652621585439 0.0003177938502246474 1.0067535079292016 1.000000041391094 0.999978364705053 1.0000020467637112 0.9790730867715844 0.9856659972539134 -0.000300735095369431
59963.996259295454 7.75 2.75 0.9856427453797801 0.00031785023612366815 1.0067535573257336 1.0000000412508019 0.9999867605325452 1.0000001828077492 0.9790755077277613 0.9856749211633843 -3.217578360414919e-05
59963.99633477486 7.75 2.75 0.9848501476905722 0.0003177828480379035 1.0067536067222798 1.0000000411109848 1.0000015170161787 1.0000013970973898 0.9790779398915153 0.9856931601862301 -0.0008430124956578799
