1-transit analysis/LC/wasp-107b/jwst/2/S5_wasp-107b_ap5_bg11_Table_Save_ch0.txt
# %ECSV 1.0
# ---
# datatype:
# - {name: time, datatype: float64}
# - {name: wavelength, datatype: float64}
# - {name: bin_width, datatype: float64}
# - {name: lcdata, datatype: float64}
# - {name: lcerr, datatype: float64}
# - {name: polynomial, datatype: float64}
# - {name: exp. ramp, datatype: float64}
# - {name: ypos, datatype: float64}
# - {name: ywidth, datatype: float64}
# - {name: astrophysical model, datatype: float64}
# - {name: model, datatype: float64}
# - {name: residuals, datatype: float64}
# schema: astropy-2.0
time wavelength bin_width lcdata lcerr polynomial "exp. ramp" ypos ywidth "astrophysical model" model residuals
[from data line 1010]
59963.87617157184 7.75 2.75 1.0063917581574182 0.0003207657815104292 1.0066749674312587 1.0000091491938519 0.999991990451997 1.0000004821457533 1.0 1.0066765999750502 -0.0002848418176319978
59963.87624705126 7.75 2.75 1.00651453935118 0.0003207915267023116 1.0066750168278098 1.000009118183248 0.9999569683458766 0.9999998141701769 1.0 1.0066406895250601 -0.00012615017388006855
59963.876322530654 7.75 2.75 1.0065028664449425 0.0003208023233860723 1.0066750662243467 1.0000090872777616 0.9999713155016818 1.0000014690054986 1.0 1.0066568167108678 -0.0001539502659253511
59963.87639801005 7.75 2.75 1.0070092471414394 0.0003209019538364802 1.0066751156208833 1.0000090564770272 1.0000217663603357 1.0000006997298705 1.0 1.0067068488250517 0.00030239831638767534
59963.87647348945 7.75 2.75 1.006561493628325 0.0003208027259961859 1.006675165017425 1.0000090257806868 1.0000044989746335 1.000000334311161 1.0 1.0066891166408918 -0.0001276230125668576
59963.87654896886 7.75 2.75 1.0069344080308875 0.0003208299993607699 1.0066752144139712 1.000008995188387 0.9999872039996107 1.0000016255717628 1.0 1.006673024531446 0.0002613834994416031
59963.876624448254 7.75 2.75 1.0069050108477535 0.00032082512522697707 1.006675263810508 1.0000089646997836 1.0000476845188557 1.0000003733091334 1.0 1.0067326674303168 0.00017234341743677106
59963.876699927656 7.75 2.75 1.0064287618403622 0.0003208256592694799 1.0066753132070496 1.0000089343145162 1.0000090007329894 1.0000004324380312 1.0 1.006693803390065 -0.0002650415497027492
59963.87677540706 7.75 2.75 1.007088553049828 0.0003208480086554751 1.0066753626035911 1.000008904032238 1.0000366111058168 0.9999987048098246 1.0 1.0067198780044748 0.00036867504535309514
59963.87685088647 7.75 2.75 1.0071158002269498 0.0003208526538695515 1.0066754120001373 1.0000088738525965 1.000045089324826 1.000000579133983 1.0 1.0067303188381906 0.00038548138875915683
59963.87692636586 7.75 2.75 1.0069488851612727 0.0003207852503200912 1.0066754613966742 1.0000088437752528 0.9999790617141302 0.9999968169249649 1.0 1.0066600816784343 0.000288803482838329
59963.877001845256 7.75 2.75 1.0064143749641596 0.0003207882174628158 1.0066755107932108 1.0000088137998542 0.9999694426038686 0.9999991122980894 1.0 1.006652728167854 -0.0002383532036942526
59963.87707732467 7.75 2.75 1.0066987658590625 0.0003208145961867149 1.006675560189762 1.0000087839260468 0.9999444113927145 1.0000007726651352 1.0 1.0066292203562122 6.954550285032113e-05
59963.87715280407 7.75 2.75 1.0070154255404111 0.00032086121836159153 1.0066756095862988 1.0000087541535032 0.9999849324368583 1.0000004774060642 1.0 1.0066697344880244 0.0003456910523866874
59963.87722828347 7.75 2.75 1.0067258204358918 0.0003207963700352143 1.0066756589828403 1.000008724481869 0.9999492230615207 0.9999993314133541 1.0 1.0066326523308116 9.316810508019913e-05
59963.87730376286 7.75 2.75 1.006528995938739 0.00032079366008297443 1.0066757083793771 1.0000086949108073 0.9999467694778714 0.9999980052959042 1.0 1.0066288670646486 -9.987112590970071e-05
59963.87737924227 7.75 2.75 1.006295092457465 0.0003207908558014854 1.0066757577759233 1.0000086654399696 0.9999848236654558 1.0000004507845346 1.0 1.0066696570747145 -0.0003745646172494954
59963.877454721674 7.75 2.75 1.0062731096768156 0.0003207587539232222 1.0066758071724649 1.000008636069024 0.9999621532291355 0.9999992332481314 1.0 1.006645629288573 -0.0003725196117574381
59963.87753020107 7.75 2.75 1.0069128464405468 0.0003208586142135891 1.0066758565690017 1.0000086067976321 1.0000163786853835 0.9999993572854426 1.0 1.006700361972034 0.0002124844685127414
59963.87760568046 7.75 2.75 1.0068218955591446 0.0003208040192295497 1.0066759059655384 1.0000085776254537 1.0000051812372428 0.9999994569048767 1.0 1.0066892099975502 0.00013268556159440337
59963.87768115988 7.75 2.75 1.0067689528467456 0.0003207996759839021 1.0066759553620894 1.0000085485521442 0.9999825066997128 1.0000000508014943 1.0 1.0066670018888517 0.00010195095789389264
59963.877756639275 7.75 2.75 1.0068905920626403 0.00032085796061325574 1.0066760047586263 1.0000085195773851 1.0000233234231337 0.9999993201648482 1.0 1.0067073761476732 0.0001832159149670609
59963.87783211868 7.75 2.75 1.0069249261406867 0.0003208494989508126 1.0066760541551678 1.0000084907008313 1.0000452543090004 0.9999979119992556 1.0 1.0067280563030816 0.00019686983760514032
59963.87790759807 7.75 2.75 1.0067008836537374 0.0003208225185494189 1.0066761035517044 1.0000084619221554 1.0000141473002786 0.9999992962341345 1.0 1.006698155355864 2.7282978734000096e-06
59963.87798307748 7.75 2.75 1.0066080604899459 0.00032081104999086193 1.0066761529482509 1.0000084332410175 1.0000130336751314 1.0000003888503401 1.0 1.006698154746233 -9.009425628714318e-05
59963.87805855688 7.75 2.75 1.0063904346582897 0.0003208011349127902 1.0066762023447924 1.0000084046570952 0.9999866864294975 1.0000013212587453 1.0 1.0066725906190497 -0.00028215596075997773
59963.87813403628 7.75 2.75 1.006906684594592 0.00032086199276399864 1.0066762517413292 1.000008376170059 0.9999524921469745 1.0000010187852173 1.0 1.0066378839515564 0.0002688006430355827
59963.87820951568 7.75 2.75 1.0069853193395581 0.00032085842701793814 1.0066763011378708 1.0000083477795751 1.0000038333752341 0.9999995262512205 1.0 1.0066880867324732 0.0002972326070849185
59963.87828499509 7.75 2.75 1.0069832409962285 0.0003208096868983445 1.006676350534417 1.000008319485316 1.0000200205912368 0.9999983101015353 1.0 1.0067031787578968 0.00028006223833165755
59963.87836047448 7.75 2.75 1.0071693838173157 0.00032090124762727 1.0066763999309538 1.000008291286964 0.9999616367165073 1.000001596124766 1.0 1.0066477335743582 0.0005216502429574721
59963.878435953884 7.75 2.75 1.006644227974095 0.00032082480625668115 1.0066764493274953 1.0000082631841858 0.999988940286558 0.9999985946765496 1.0 1.0066722193332898 -2.79913591947345e-05
59963.878511433286 7.75 2.75 1.00662197112186 0.00032082652074025503 1.0066764987240369 1.00000823517666 0.999969961937686 1.000002006820027 1.0 1.0066565701969354 -3.4599075075414376e-05
59963.87858691269 7.75 2.75 1.0069373962289834 0.00032084877406274434 1.0066765481205784 1.000008207264064 0.9999526111391117 0.999998754766844 1.0 1.006635851036509 0.00030154519247438394
59963.87866239209 7.75 2.75 1.006696834059297 0.0003208351649935918 1.00667659751712 1.0000081794460758 0.9999727792796896 0.9999996076961258 1.0 1.0066570339722147 3.980008708226457e-05
59963.878737871484 7.75 2.75 1.0069216797541831 0.00032085565627354564 1.0066766469136565 1.0000081517223778 1.0000052064262004 1.0000003119024703 1.0 1.006690408281728 0.00023127147245505242
59963.8788133509 7.75 2.75 1.0064832464324893 0.0003207694335073553 1.0066766963102076 1.0000081240926393 0.9999850661593486 1.000000808822811 1.0 1.0066706551909725 -0.0001874087584832207
59963.878888830295 7.75 2.75 1.007236780007762 0.0003208478681042576 1.0066767457067445 1.0000080965565579 0.999998295184213 0.9999978818136779 1.0 1.006681047767105 0.0005557322406568588
59963.87896430969 7.75 2.75 1.006765995663442 0.00032086594368623553 1.0066767951032813 1.0000080691138082 1.000013566999336 0.9999995674866832 1.0 1.0066981403759845 6.785528745756331e-05
59963.87903978909 7.75 2.75 1.0062110864157991 0.0003207404184408384 1.0066768444998229 1.0000080417640715 0.9999998400251416 1.0000004292622013 1.0 1.0066852110449462 -0.00047412462914708797
59963.8791152685 7.75 2.75 1.0065078642335046 0.00032081928186992325 1.006676893896369 1.0000080145070323 1.0000086795059147 1.0000010863465951 1.0 1.0066947930617682 -0.00018692882826365498
59963.879190747895 7.75 2.75 1.0068745208821441 0.0003208530072396281 1.006676943292906 1.0000079873423842 1.0000290210464176 1.000001254735285 1.0 1.0067154621777972 0.00015905870434695935
59963.8792662273 7.75 2.75 1.0066586266977382 0.0003207752195870912 1.0066769926894474 1.0000079602698062 0.9999755357979895 1.0000012683982733 1.0 1.0066616552108523 -3.028513114067266e-06
59963.87934170669 7.75 2.75 1.006692960178316 0.0003208382157426531 1.006677042085984 1.0000079332889917 0.9999607327452762 1.000002160937861 1.0 1.0066476738868162 4.5286291499913034e-05
59963.87941718611 7.75 2.75 1.0068966402076545 0.00032084817108970397 1.0066770914825351 1.0000079063996192 0.9999950136049193 1.0000005187162206 1.0 1.0066805531257845 0.0002160870818699312
59963.8794926655 7.75 2.75 1.0066263601505616 0.0003208398058109868 1.006677140879072 1.000007879601394 1.0000377533882256 1.000001227617156 1.0 1.006724314736583 -9.795458602135376e-05
59963.8795681449 7.75 2.75 1.0068673583700687 0.0003208593476563868 1.0066771902756086 1.000007852894 1.0000000511884475 1.000000566789103 1.0 1.0066857177136947 0.00018164065637393811
59963.8796436243 7.75 2.75 1.0067564227974248 0.0003208662309532576 1.0066772396721504 1.0000078262771261 0.9999898612686349 0.9999982961960789 1.0 1.0066731965205602 8.322627686463413e-05
59963.87971910371 7.75 2.75 1.0069453981495051 0.0003207824533564113 1.0066772890686966 1.000007799750466 0.9999806342041462 0.9999982089705961 1.0 1.0066638426736518 0.0002815554758532901
59963.8797945831 7.75 2.75 1.0065108140886494 0.00032078640095657934 1.0066773384652334 1.0000077733137211 1.000019615361601 0.9999968807594137 1.0 1.0067017700226912 -0.00019095593404183653
59963.879870062505 7.75 2.75 1.0066073843803987 0.00032080793048595065 1.006677387861775 1.0000077469665796 0.9999637140892735 1.0000001488228116 1.0 1.0066488078813298 -4.142350093117031e-05
59963.8799455419 7.75 2.75 1.0067807787779957 0.00032085531848659033 1.0066774372583116 1.0000077207087423 1.0000382787462516 0.999997701990411 1.0 1.006721430708475 5.934806952057059e-05
59963.88002102131 7.75 2.75 1.0073083202951667 0.0003208610049581233 1.006677486654858 1.0000076945398995 1.0000513983969401 0.9999984145934022 1.0 1.0067353784946809 0.0005729418004858378
59963.88009650071 7.75 2.75 1.006748692626513 0.00032088752933888935 1.0066775360513995 1.0000076684597565 1.0000157904461726 0.9999993480632318 1.0 1.0067004954214203 4.819720509274816e-05
59963.880171980105 7.75 2.75 1.006872063242478 0.00032077673923129845 1.0066775854479362 1.000007642468013 1.0000384173189645 0.9999994550939767 1.0 1.0067234045286948 0.0001486587137831119
59963.880247459514 7.75 2.75 1.007611138056665 0.0003209674286679712 1.0066776348444826 1.000007616564362 1.000033527281076 0.9999994573174087 1.0 1.0067185073616598 0.0008926306950052254
59963.880322938916 7.75 2.75 1.006725342775229 0.0003208604989975784 1.006677684241024 1.0000075907485122 1.0000203232250053 0.9999978782080662 1.0 1.0067036487503276 2.1694024901375286e-05
59963.88039841831 7.75 2.75 1.006560989775333 0.00032071281068526335 1.0066777336375607 1.0000075650201659 1.000002422294342 0.9999996368088442 1.0 1.0066874220430406 -0.000126432267707699
59963.88047389771 7.75 2.75 1.0064725349294001 0.0003208100346874023 1.0066777830341025 1.0000075393790218 0.9999717274316823 0.9999970000622094 1.0 1.0066538912703757 -0.0001813563409756025
59963.88054937712 7.75 2.75 1.0063212625473026 0.0003207969382391839 1.0066778324306487 1.0000075138247841 0.9999462369489927 1.000004679563879 1.0 1.0066359845485282 -0.0003147220012256202
59963.880624856516 7.75 2.75 1.0064933211847087 0.0003207622097095928 1.0066778818271855 1.000007488357166 0.99996106044073 0.999998915199285 1.0 1.0066451282935902 -0.00015180710888151872
59963.88070033592 7.75 2.75 1.0067878575229054 0.0003208818404330071 1.006677931223727 1.000007462975866 1.000025555073153 0.9999986608220909 1.0 1.0067098217916373 7.803573126818897e-05
59963.88077581531 7.75 2.75 1.0063991273903898 0.00032074478944260024 1.0066779806202637 1.0000074376805967 0.9999610232056034 1.0000005771411284 1.0 1.0066468115739817 -0.0002476841835918897
59963.88085129473 7.75 2.75 1.006562318745687 0.0003207880820287558 1.0066780300168148 1.000007412471057 0.9999949607665268 0.9999999651697475 1.0 1.0066803840024146 -0.00011806525672763968
59963.88092677412 7.75 2.75 1.0066104691901203 0.00032075383640678336 1.0066780794133516 1.0000073873469704 1.0000015515835234 1.0000030088874694 1.0 1.0066901070584064 -7.963786828613095e-05
59963.88100225352 7.75 2.75 1.0071703335612459 0.0003208780115536737 1.0066781288098883 1.0000073623080405 0.9999715547041933 1.000000364429286 1.0 1.0066572716716495 0.0005130618895963224
59963.88107773292 7.75 2.75 1.0065845559743916 0.0003208312859237747 1.0066781782064298 1.000007337353976 0.9999953532583171 1.000001240213502 1.0 1.0066821352520166 -9.757927762499286e-05
59963.88115321233 7.75 2.75 1.0069360969730765 0.000320848925002229 1.0066782276029762 1.000007312484489 1.000010328631896 1.0000011863806844 1.0 1.0066971809314575 0.00023891604161896396
59963.881228691724 7.75 2.75 1.0070394395198234 0.00032083798014662253 1.006678276999513 1.0000072876993005 1.0000094146055751 1.0000003739599037 1.0 1.0066954673796753 0.00034397214014814104
59963.881304171126 7.75 2.75 1.0058794577055132 0.00032072130235311704 1.0066783263960546 1.0000072629981174 0.9999600237512256 1.0000011397074589 1.0 1.0066465416646102 -0.0007670839590969702
59963.88137965052 7.75 2.75 1.0063222993993317 0.000320759607057358 1.0066783757925912 1.0000072383806597 1.0000039250408068 0.9999994692890967 1.0 1.0066890795350278 -0.000366780135696132
59963.88145512993 7.75 2.75 1.006713995027567 0.00032082855194549625 1.0066784251891376 1.0000072138466367 0.999978431624427 1.0000002747961436 1.0 1.006664251265302 4.9743762265075375e-05
59963.88153060933 7.75 2.75 1.0060400679584867 0.0003207195069777518 1.0066784745856792 1.0000071893957723 1.0000295603460299 0.9999993092480888 1.0 1.0067147745830034 -0.000674706624516741
59963.881606088726 7.75 2.75 1.0067681069829681 0.00032085516927487145 1.0066785239822158 1.0000071650277849 0.9999777436983713 0.9999995118319636 1.0 1.0066628403395437 0.00010526664342447312
59963.88168156813 7.75 2.75 1.0062676155650991 0.0003207760902999337 1.0066785733787573 1.000007140742389 0.9999748234696674 0.9999991772922435 1.0 1.0066595887691674 -0.0003919732040682522
59963.88175704754 7.75 2.75 1.0067937832565443 0.00032082068734247605 1.0066786227753037 1.0000071165393045 0.9999770811050448 0.9999988601490754 1.0 1.0066615672720618 0.00013221598448254213
59963.88183252693 7.75 2.75 1.0068756468896378 0.0003208402811501756 1.0066786721718404 1.0000070924182594 1.0000083946973146 0.9999968206821458 1.0 1.0066910621796752 0.00018458470996263188
59963.88190800633 7.75 2.75 1.006828710263557 0.0003207969865065414 1.006678721568382 1.0000070683789686 1.0000031485555914 1.0000000665375524 1.0 1.0066890737440295 0.00013963651952741962
59963.881983485735 7.75 2.75 1.0068398154164047 0.00032084381904525725 1.0066787709649234 1.0000070444211575 1.0000019751517875 0.9999991152850317 1.0 1.0066869601597268 0.00015285525667785294
59963.88205896514 7.75 2.75 1.0069282225563636 0.0003208444249143169 1.0066788203614652 1.00000702054455 0.9999586585212711 1.0000002564823949 1.0 1.006644528098287 0.0002836944580766332
59963.88213444454 7.75 2.75 1.0065080160278534 0.0003207977044641686 1.0066788697580067 1.0000069967488705 1.0000040025095012 0.9999998335615238 1.0 1.006689774955244 -0.00018175892739047406
59963.88220992393 7.75 2.75 1.0072429593330816 0.0003209243594603992 1.0066789191545433 1.0000069730338472 0.9999939443226981 0.9999979397425403 1.0 1.006677768575875 0.0005651907572066239
59963.88228540334 7.75 2.75 1.007161405501434 0.00032089842480250596 1.0066789685510897 1.0000069493991999 1.0000014912953124 0.9999989048560108 1.0 1.006686363163441 0.00047504233799289253
59963.882360882744 7.75 2.75 1.006146286318106 0.0003207519489422636 1.0066790179476313 1.0000069258446629 0.9999853390724122 0.9999990070008441 1.0 1.0066702314760485 -0.000523945157942407
59963.88243636214 7.75 2.75 1.0064467585625057 0.000320765832851514 1.006679067344168 1.000006902369965 1.0000349104389732 1.000000299779475 1.0 1.0067214614605875 -0.00027470289808184667
