1-transit analysis/LC/wasp-107b/jwst/2/S5_wasp-107b_ap5_bg11_Table_Save_ch0.txt
# %ECSV 1.0
# ---
# datatype:
# - {name: time, datatype: float64}
# - {name: wavelength, datatype: float64}
# - {name: bin_width, datatype: float64}
# - {name: lcdata, datatype: float64}
# - {name: lcerr, datatype: float64}
# - {name: polynomial, datatype: float64}
# - {name: exp. ramp, datatype: float64}
# - {name: ypos, datatype: float64}
# - {name: ywidth, datatype: float64}
# - {name: astrophysical model, datatype: float64}
# - {name: model, datatype: float64}
# - {name: residuals, datatype: float64}
# schema: astropy-2.0
time wavelength bin_width lcdata lcerr polynomial "exp. ramp" ypos ywidth "astrophysical model" model residuals
[from data line 1825]
59963.937687282865 7.75 2.75 0.9866547809204886 0.00031792868813386893 1.0067152256116323 1.0000005749824474 0.9999660346695889 0.9999985088203082 0.9792034358520294 0.9857446223955684 0.0009101585249202682
59963.93776276226 7.75 2.75 0.9859121800050166 0.0003178830180094533 1.006715275008169 1.000000573033582 1.0000060250520462 0.9999988901449859 0.9792004151314769 0.9857814253694879 0.00013075463552869593
59963.937838241654 7.75 2.75 0.9859613252540292 0.00031792428572636106 1.0067153244047058 1.000000571091322 1.000038698875378 1.000003007792052 0.9791974089129278 0.9858147135828972 0.00014661167113205753
59963.93791372106 7.75 2.75 0.9853153563683954 0.00031784450563603956 1.006715373801252 1.0000005691556448 1.0000195188740197 0.9999996486120356 0.9791944171054613 0.9857895294351587 -0.00047417306676333926
59963.93798920046 7.75 2.75 0.9858889353313443 0.00031785651201225506 1.0067154231977888 1.000000567226529 1.0000238154918362 1.0000003843574106 0.9791914396209254 0.9857915391212574 9.739621008686417e-05
59963.93806467985 7.75 2.75 0.985254322897068 0.00031782862587990545 1.0067154725943257 1.0000005653039519 0.9999719113679726 0.9999981490696922 0.9791884763704592 0.985735233690756 -0.00048091079368794976
59963.938140159255 7.75 2.75 0.9855123831616379 0.0003178296836043204 1.0067155219908672 1.0000005633878908 0.9999951020998524 1.000003533983789 0.9791855272665029 0.9857604800602213 -0.00024809689858340533
59963.93821563866 7.75 2.75 0.9859238770119125 0.00031794854261079123 1.0067155713874087 1.000000561478324 1.0000180282425588 0.9999982319392186 0.979182592223056 0.9857749448921381 0.00014893211977440313
59963.93829111806 7.75 2.75 0.9859439491686234 0.00031790866365118153 1.0067156207839503 1.00000055957523 1.000016312761053 0.9999998276387387 0.9791796711548065 0.9857719326035019 0.0001720165651214467
59963.93836659745 7.75 2.75 0.9860236342728722 0.0003179051393996853 1.006715670180487 1.0000005576785862 0.9999992220975632 1.0000027475538682 0.9791767639776807 0.9857550834940434 0.0002685507788288133
59963.93844207686 7.75 2.75 0.9857410982826378 0.0003178817941839245 1.0067157195770333 1.0000005557883707 0.9999779353026523 1.000000125483754 0.9791738706074298 0.9857286490192466 1.2449263391167698e-05
59963.93851755626 7.75 2.75 0.985260221994537 0.0003178211802224225 1.00671576897357 1.0000005539045622 1.0000261154542596 0.9999998271041218 0.9791709909626884 0.985772995938931 -0.0005127739443939738
59963.93859303565 7.75 2.75 0.9857320846178814 0.0003179096085976216 1.0067158183701068 1.000000552027139 1.000031339594105 1.0000014907055 0.9791681249613308 0.9857769467359232 -4.486211804177742e-05
59963.938668515046 7.75 2.75 0.9858935631273156 0.00031791072910912634 1.0067158677666437 1.0000005501560791 1.0000042076470894 0.999999342232799 0.9791652725226898 0.985745258588283 0.00014830453903258434
59963.938743994455 7.75 2.75 0.9861981496790785 0.0003179033258252159 1.0067159171631899 1.0000005482913605 1.000014092727141 1.0000007073404527 0.9791624335664388 0.9857535368443149 0.00044461283476360247
59963.93881947385 7.75 2.75 0.9861800324391943 0.0003179789968187859 1.0067159665597267 1.0000005464329629 0.9999896575283934 1.0000001369572937 0.9791596080147644 0.9857260898914753 0.00045394254771902176
59963.938894953244 7.75 2.75 0.9858247360989121 0.0003179028399458948 1.0067160159562634 1.000000544580864 0.9999936698957109 0.9999973369783293 0.9791567957890683 0.9857245004568069 0.0001002356421051509
59963.93897043264 7.75 2.75 0.985543111722172 0.0003178451063128752 1.0067160653528002 1.0000005427350427 1.000054200659071 1.0000018313269459 0.9791539968121478 0.9857858265761434 -0.00024271485397142634
59963.93904591205 7.75 2.75 0.9859552914468622 0.00031791013927096154 1.0067161147493464 1.0000005408954773 0.9999901407698694 0.999999663633362 0.9791512110070967 0.9857177859923505 0.00023750545451173277
59963.93912139144 7.75 2.75 0.9858177288600899 0.00031786453958850295 1.0067161641458833 1.0000005390621476 1.0000266873446386 0.9999994346513377 0.9791484382994401 0.9857508403930392 6.68884670507186e-05
59963.93919687084 7.75 2.75 0.9854438451865623 0.0003178674092523821 1.00671621354242 1.0000005372350316 1.0000125694792232 0.9999982082533959 0.9791456786138983 0.9857329834747346 -0.00028913828817234144
59963.93927235023 7.75 2.75 0.9859902851245195 0.0003179100909472297 1.0067162629389568 1.0000005354141086 1.0000183862731262 0.999996761203824 0.9791429318765268 0.9857345721365938 0.00025571298792570474
59963.93934782964 7.75 2.75 0.9858453362529728 0.00031785091890329005 1.0067163123355032 1.0000005335993571 1.0000267117961268 0.9999991798818609 0.9791401980136393 0.9857424572252717 0.00010287902770111934
59963.939423309035 7.75 2.75 0.9859110729100685 0.00031788363775374774 1.0067163617320398 1.0000005317907568 1.0000178294588162 0.9999992972150433 0.9791374769539027 0.9857311246219671 0.00017994828810141694
59963.93949878843 7.75 2.75 0.985970484898651 0.00031792643828041343 1.0067164111285767 1.0000005299882868 0.9999896020249315 0.999999165427949 0.9791347686251629 0.9857004906538185 0.00026999424483253875
59963.939574267824 7.75 2.75 0.9853717007741654 0.0003178046387479847 1.0067164605251133 1.0000005281919262 1.0000226044558276 0.9999989641298883 0.9791320729565444 0.9857301558403578 -0.0003584550661924757
59963.93964974724 7.75 2.75 0.9859037480899757 0.00031789559739909846 1.0067165099216644 1.0000005264016536 1.00004167344777 1.0000008739299981 0.9791293898771372 0.9857481802676661 0.0001555678223096324
59963.939725226635 7.75 2.75 0.9855386007720192 0.0003178164204343984 1.0067165593182013 1.0000005246174495 1.0000161680274098 1.0000006145521239 0.9791267193190859 0.9857201417853083 -0.00018154101328915484
59963.93980070603 7.75 2.75 0.9859096181709858 0.0003178528763605214 1.006716608714738 1.000000522839293 1.0000253519478495 1.0000001748059697 0.9791240612129241 0.9857261315285681 0.00018348664241762958
59963.93987618543 7.75 2.75 0.9855060430012407 0.0003178658736228238 1.0067166581112796 1.0000005210671632 1.0000417489286109 0.9999983756992173 0.9791214154904166 0.9857379036151931 -0.00023186061395241708
59963.939951664834 7.75 2.75 0.9858135418604494 0.00031790445173848097 1.0067167075078212 1.00000051930104 1.0000125615687037 0.9999981692512786 0.9791187820845376 0.9857063257327405 0.00010721612770892008
59963.94002714423 7.75 2.75 0.9853705281483555 0.0003178142243454546 1.0067167569043578 1.000000517540903 1.0000329294529118 1.0000008464746202 0.9791161609289443 0.9857264490273855 -0.000355920879030025
59963.94010262362 7.75 2.75 0.9860625688870253 0.0003179369691967701 1.0067168063008947 1.000000515786732 1.0000256904780294 1.000000888532886 0.979113551957466 0.9857167751414947 0.00034579374553056486
59963.94017810303 7.75 2.75 0.9858261652630983 0.0003178349739613693 1.0067168556974408 1.0000005140385062 0.9999824071020369 0.9999985518716703 0.9791109551043554 0.9856692402967264 0.00015692496637187414
59963.94025358243 7.75 2.75 0.9857704699034269 0.0003179332594946147 1.0067169050939777 1.0000005122962061 1.000037446491998 1.000000798467912 0.9791083703060262 0.9857231507988664 4.731910456046151e-05
59963.94032906182 7.75 2.75 0.9861112968477723 0.0003179460474855531 1.0067169544905143 1.0000005105598118 1.00004421250575 1.0000001219484118 0.9791057974980384 0.9857266095501537 0.0003846872976186466
59963.940404541216 7.75 2.75 0.9859107172323868 0.0003178819929464242 1.0067170038870512 1.0000005088293025 1.000019397723569 1.0000004015191646 0.9791032366170961 0.9856998941388285 0.00021082309355824336
59963.940480020625 7.75 2.75 0.985902507999191 0.0003178906710914415 1.0067170532835976 1.0000005071046585 0.9999934303065316 1.0000011030992564 0.9791006876000447 0.9856724706222202 0.00023003737697080417
59963.94055550002 7.75 2.75 0.9855493911389729 0.00031786420854044647 1.0067171026801343 1.0000005053858605 1.0000242992269885 0.9999990666288135 0.9790981503858271 0.9856983824678041 -0.00014899132883117172
59963.940630979414 7.75 2.75 0.985453933123601 0.0003178616145220284 1.0067171520766711 1.000000503672888 0.9999915780291775 1.0000012371245586 0.9790956249125261 0.9856657736609071 -0.0002118405373061627
59963.94070645881 7.75 2.75 0.985934414529708 0.00031790955267795576 1.0067172014732078 1.0000005019657217 1.0000244834411502 0.9999991100646834 0.9790931111193238 0.9856936269784186 0.00024078755128942309
59963.94078193822 7.75 2.75 0.985669429928694 0.0003178943973799748 1.0067172508697542 1.0000005002643413 1.0000032053733 1.0000006500496483 0.97909060894552 0.9856716994529751 -2.2695242810621963e-06
59963.94085741761 7.75 2.75 0.9856870830405092 0.00031786519256504623 1.0067173002662908 1.000000498568728 0.9999808877679993 0.9999990032006071 0.9790881183324512 0.9856456178736961 4.1465166813137166e-05
59963.94093289701 7.75 2.75 0.9855129328754738 0.0003178317495485799 1.0067173496628277 1.0000004968788618 0.9999794208382853 1.0000010573862383 0.9790856392205882 0.9856437476509212 -0.0001308147754474076
59963.9410083764 7.75 2.75 0.9856052472125798 0.00031787259413667955 1.0067173990593645 1.0000004951947234 0.99999627579022 0.99999931546336 0.9790831715514609 0.9856562064958256 -5.0959283245832765e-05
59963.94108385581 7.75 2.75 0.9856220888051248 0.00031785707445606165 1.0067174484559107 1.000000493516293 0.9999925087061252 0.9999997884916733 0.9790807152666936 0.9856505336157575 -2.8444810632688444e-05
59963.941159335205 7.75 2.75 0.9854368170223895 0.0003178099577726147 1.0067174978524476 1.0000004918435517 1.0000457621709857 0.999998965208484 0.9790782703098904 0.9856997970265922 -0.000262980004202662
59963.94123481461 7.75 2.75 0.9856717487619909 0.00031787595167727406 1.006717547248989 1.0000004901764799 1.000030028065388 0.9999993001563965 0.9790758366235524 0.9856822153983515 -1.046663636061762e-05
59963.941310294 7.75 2.75 0.986215814277421 0.0003179207174205558 1.0067175966455257 1.0000004885150588 0.9999975654631917 0.999999109682886 0.9790734141519032 0.985647638796436 0.0005681754809849782
59963.94138577341 7.75 2.75 0.9859399727214939 0.0003179146632149819 1.0067176460420721 1.0000004868592687 1.0000062259471243 1.000000477170682 0.9790710028385374 0.9856551420787297 0.0002848306427641889
59963.941461252805 7.75 2.75 0.9857054384773254 0.00031790760017089 1.0067176954386088 1.000000485209091 1.0000353095384744 0.9999998584529544 0.9790686026292093 0.9856808287504004 2.460972692497343e-05
59963.9415367322 7.75 2.75 0.9853650360396847 0.0003178456929068839 1.0067177448351456 1.0000004835645064 1.0000201281295844 0.999999858019842 0.9790662134688015 0.9856635063113209 -0.00029847027163620865
59963.9416122116 7.75 2.75 0.9855413857585696 0.00031786232239753535 1.0067177942316872 1.000000481925496 0.9999357198583244 1.0000006663223617 0.9790638353029523 0.9855787592337829 -3.737347521326484e-05
59963.941687691 7.75 2.75 0.985918616660299 0.00031791882112042956 1.0067178436282287 1.0000004802920408 1.0000044651844033 1.0000001502348432 0.9790614680782698 0.9856436724560833 0.0002749442042156991
59963.9417631704 7.75 2.75 0.9854821464688993 0.00031782732520967475 1.0067178930247656 1.0000004786641223 0.9999748582063256 0.9999975297271853 0.9790591117418633 0.9856095825006312 -0.0001274360317319312
59963.94183864979 7.75 2.75 0.9860418904109071 0.00031789625604541417 1.0067179424213022 1.0000004770417215 1.000059303803259 0.9999966384534874 0.9790567662408846 0.9856896218330643 0.00035226857784276255
59963.9419141292 7.75 2.75 0.9852892087068723 0.00031783896109843725 1.0067179918178486 1.0000004754248195 0.9999808331099431 1.000001541618308 0.9790544315227567 0.9856148077125969 -0.0003255990057245972
59963.9419896086 7.75 2.75 0.9852878931195506 0.00031785351835982836 1.0067180412143852 1.000000473813398 0.9999742107620145 0.9999967444942401 0.9790521075367383 0.985601259665882 -0.00031336654633140615
59963.94206508799 7.75 2.75 0.985710995868207 0.0003179182084994998 1.006718090610922 1.0000004722074385 0.9999806725949844 0.9999998597409111 0.9790497942312162 0.9856084170174608 0.00010257885074616002
59963.942140567386 7.75 2.75 0.986052519461096 0.000317871775690089 1.006718140007459 1.0000004706069223 1.0000385856927219 0.99999796092596 0.9790474915555016 0.9856613547152888 0.00039116474580713767
59963.942216046795 7.75 2.75 0.9859384848484579 0.0003179066898215249 1.0067181894040051 1.0000004690118305 1.000041224284548 1.0000000555402482 0.9790451994589334 0.9856637591626627 0.0002747256857952296
59963.94229152619 7.75 2.75 0.9847924281312783 0.00031778712782509094 1.006718238800542 1.0000004674221457 0.9999893243771436 1.0000022662379373 0.9790429178926368 0.9856125342230753 -0.000820106091796946
59963.942367005584 7.75 2.75 0.9855569136207737 0.00031790833943890146 1.0067182881970786 1.0000004658378487 1.0000568990234349 1.0000008847621011 0.9790406468068664 0.985675535989444 -0.00011862236867032916
59963.94244248498 7.75 2.75 0.9857008178070716 0.0003178309383368793 1.0067183375936155 1.0000004642589218 1.0000287277540723 0.9999996893296215 0.9790383861527715 0.9856443624626564 5.645534441522937e-05
59963.94251796439 7.75 2.75 0.9862314704542353 0.00031788316595013615 1.0067183869901617 1.0000004626853463 0.9999800975874981 0.9999980923188614 0.9790361358815128 0.9855926392495555 0.0006388312046797795
59963.94259344378 7.75 2.75 0.9853610007845274 0.00031785860372866024 1.0067184363866986 1.0000004611171045 0.9999653008646537 0.9999998647038107 0.9790338959459922 0.9855775941520578 -0.00021659336753043767
59963.94266892318 7.75 2.75 0.9853784513842916 0.0003178379680857749 1.0067184857832354 1.000000459554178 1.0000089207206662 1.0000009529415241 0.9790316662982433 0.9856194611563662 -0.0002410097720746407
59963.94274440257 7.75 2.75 0.9855161309485706 0.0003178306947013303 1.006718535179772 1.0000004579965494 1.0000439997641533 0.9999979867222764 0.9790294468911644 0.9856489241871634 -0.0001327932385928321
59963.94281988198 7.75 2.75 0.9852217207323092 0.0003178107512744066 1.0067185845763185 1.0000004564441995 1.0000225251923074 0.9999996030313151 0.9790272376776525 0.9856271745372595 -0.00040545380495027317
59963.942895361375 7.75 2.75 0.985595979046072 0.0003178640028146856 1.006718633972855 1.0000004548971118 0.9999877723136664 0.9999996750089171 0.9790250386123013 0.9855908258897552 5.153156316772822e-06
59963.94297084077 7.75 2.75 0.9854025034153651 0.00031778608107513735 1.006718683369392 1.0000004533552678 1.0000163851345263 1.0000038047801725 0.9790228496488392 0.9856209402766403 -0.00021843686127520634
59963.943046320164 7.75 2.75 0.9856373237802697 0.0003179103107918708 1.0067187327659286 1.0000004518186496 1.000034907474112 0.9999982014330001 0.9790206707418316 0.9856315263529889 5.797427280795908e-06
59963.94312179957 7.75 2.75 0.9852107505601293 0.0003177816516469152 1.006718782162475 1.0000004502872395 1.0000145078063596 1.000000157359326 0.979018501845831 0.9856112116362101 -0.00040046107608082693
59963.94319727897 7.75 2.75 0.9856629868234176 0.0003178874432609629 1.0067188315590117 1.0000004487610203 0.9999743962096824 0.9999995064423941 0.9790163429170428 0.985568909721331 9.407710208653164e-05
59963.94327275836 7.75 2.75 0.9856039064337749 0.00031783666404046996 1.0067188809555485 1.0000004472399742 0.9999660850361167 1.0000010238313892 0.9790141939108128 0.9855600972414618 4.380919231317115e-05
59963.94334823777 7.75 2.75 0.985884013797964 0.0003178703536916339 1.006718930352095 1.0000004457240832 0.9999930997332539 1.0000004819719335 0.9790120547828844 0.9855840820809371 0.00029993171702691335
59963.94342371717 7.75 2.75 0.985427759205923 0.00031787190979362933 1.0067189797486364 1.0000004442133303 1.0000054273845438 0.9999990855357994 0.979009925490419 0.9855927590414225 -0.00016499983549955743
