1-transit analysis/LC/wasp-107b/jwst/2/S5_wasp-107b_ap5_bg11_Table_Save_ch0.txt
# %ECSV 1.0
# ---
# datatype:
# - {name: time, datatype: float64}
# - {name: wavelength, datatype: float64}
# - {name: bin_width, datatype: float64}
# - {name: lcdata, datatype: float64}
# - {name: lcerr, datatype: float64}
# - {name: polynomial, datatype: float64}
# - {name: exp. ramp, datatype: float64}
# - {name: ypos, datatype: float64}
# - {name: ywidth, datatype: float64}
# - {name: astrophysical model, datatype: float64}
# - {name: model, datatype: float64}
# - {name: residuals, datatype: float64}
# schema: astropy-2.0
time wavelength bin_width lcdata lcerr polynomial "exp. ramp" ypos ywidth "astrophysical model" model residuals
[from data line 2370]
59963.97882355478 7.75 2.75 0.9855887051402384 0.0003178549627602457 1.0067421467253965 1.0000000903742956 0.9999872361463874 0.9999986511937304 0.9787397230093124 0.9853247131452572 0.000263991994981283
59963.97889903418 7.75 2.75 0.985721657655447 0.00031783896101854645 1.0067421961219332 1.0000000900679777 0.9999906664749436 0.9999994925174897 0.9787404131940076 0.9853296650322917 0.0003919926231552573
59963.978974513586 7.75 2.75 0.9857304643459901 0.00031784287142777075 1.0067422455184796 1.0000000897626982 1.0000440215293311 0.999998334322724 0.9787411088997737 0.9853818450494647 0.0003486192965254098
59963.97904999298 7.75 2.75 0.9852338037902646 0.00031780589571795185 1.0067422949150162 1.0000000894584533 0.9999870064024687 1.0000007563213114 0.978741810134932 0.985328806313571 -9.50025233064089e-05
59963.97912547237 7.75 2.75 0.9845198604857079 0.00031769841508862 1.0067423443115482 1.0000000891552399 1.0000069447345665 0.9999997132470171 0.9787425169082153 0.9853481841823456 -0.0008283236966376561
59963.97920095176 7.75 2.75 0.9857149923401115 0.0003178795873648748 1.006742393708085 1.000000088853054 0.9999925215752801 0.999998964588165 0.9787432292285071 0.9853339999333403 0.00038099240677125223
59963.97927643117 7.75 2.75 0.9850476426289372 0.00031781017484200114 1.0067424431046315 1.0000000885518923 1.000024519337047 0.9999981366752309 0.9787439471047046 0.985365483637761 -0.00031784100882381594
59963.979351910566 7.75 2.75 0.9859404184159114 0.00031790196546455644 1.006742492501168 1.0000000882517515 1.0000387623346456 1.0000011087651839 0.978744670545437 0.9853832228942595 0.0005571955216518987
59963.97942738996 7.75 2.75 0.9852772362616999 0.0003178147879281397 1.006742541897705 1.0000000879526278 1.000012631176943 0.99999934772712 0.978745399559828 0.9853565214289247 -7.928516722477408e-05
59963.979502869355 7.75 2.75 0.9859667766984356 0.00031788105679236834 1.0067425912942416 1.000000087654518 0.9999925900953673 1.0000018210068624 0.9787461341569443 0.985339998681766 0.0006267780166695491
59963.97957834876 7.75 2.75 0.9857987287412865 0.00031785540308033584 1.0067426406907831 1.0000000873574189 1.00000010182183 1.0000008516060088 0.9787468743460046 0.9853472383809265 0.00045149036035996293
59963.97965382815 7.75 2.75 0.9856254517398633 0.0003178704848273639 1.00674269008732 1.0000000870613266 0.9999767404241325 0.9999998032741686 0.9787476201360948 0.9853239852036972 0.0003014665361660285
59963.979729307546 7.75 2.75 0.9853743176483463 0.00031781251702731267 1.0067427394838568 1.000000086766238 1.0000386958870688 1.0000015219446121 0.9787483715365962 0.9853875309351525 -1.321328680625733e-05
59963.97980478694 7.75 2.75 0.98514402897525 0.0003177902868407193 1.0067427888803935 1.0000000864721494 1.0000067815178881 0.9999973189120467 0.978749128556901 0.9853527528382845 -0.00020872386303449897
59963.97988026635 7.75 2.75 0.9854063495008211 0.0003177643683056726 1.0067428382769399 1.0000000861790577 0.9999967830407721 1.0000012204760305 0.9787498912066314 0.9853475611154511 5.878838536998998e-05
59963.979955745745 7.75 2.75 0.9855333177634288 0.00031782490042501414 1.0067428876734765 1.0000000858869593 0.9999649011765567 1.0000007037031207 0.9787506594950508 0.9853164586129236 0.00021685915050517757
59963.98003122514 7.75 2.75 0.9857472086557261 0.0003178703614595817 1.0067429370700134 1.000000085595851 0.9999974940881723 1.0000008615322473 0.9787514334319466 0.9853495568032465 0.0003976518524795303
59963.98010670453 7.75 2.75 0.984941674851811 0.0003177827867043755 1.0067429864665454 1.0000000853057296 1.0000045636950994 1.0000021147447578 0.9787522130269678 0.9853585906333218 -0.0004169157815107072
59963.980182183936 7.75 2.75 0.9849371766206946 0.0003177032639208878 1.0067430358630916 1.0000000850165913 1.0000257449525456 0.9999997070733577 0.9787529982902253 0.9853779278489343 -0.0004407512282397219
59963.98025766333 7.75 2.75 0.9853332973930949 0.0003178199210978794 1.0067430852596284 1.0000000847284332 1.000027457336641 0.9999992002210575 0.9787537892312345 0.985379960068958 -4.666267586306283e-05
59963.980333142725 7.75 2.75 0.9851967924417379 0.00031780454147640227 1.0067431346561653 1.0000000844412518 0.9999783640643811 1.000001157655962 0.9787545858601245 0.9853343646419093 -0.0001375722001714097
59963.98040862213 7.75 2.75 0.9860408558945146 0.0003178948692067331 1.0067431840527068 1.0000000841550436 0.9999651391977514 0.9999988730022689 0.9787553881870366 0.9853199381004903 0.0007209177940242784
59963.98048410152 7.75 2.75 0.9856589762295332 0.0003178464088507412 1.0067432334492434 1.0000000838698055 1.0000154882465473 0.9999980087270719 0.9787561962219655 0.985369559681677 0.00028941654785619164
59963.980559580916 7.75 2.75 0.9846911936903241 0.00031771871978827514 1.0067432828457803 1.0000000835855343 1.0000226887416082 1.000001157083777 0.978757009975224 0.9853806243722496 -0.0006894306819255069
59963.98063506031 7.75 2.75 0.9850359982425088 0.00031775337223458 1.0067433322423172 1.0000000833022267 1.000054391225873 1.0000008894171917 0.9787578294571347 0.9854124720400418 -0.0003764737975330279
59963.98071053972 7.75 2.75 0.9852387779250922 0.00031776146685826457 1.0067433816388633 1.0000000830198792 1.0000197315648982 1.000000144132522 0.9787586546782674 0.9853784643212156 -0.00013968639612338407
59963.980786019114 7.75 2.75 0.9853254353296874 0.00031781602523363485 1.0067434310354002 1.0000000827384887 1.0000032485246144 1.0000004141165102 0.978759485648801 0.9853633732882091 -3.793795852169435e-05
59963.98086149851 7.75 2.75 0.9850601725018114 0.00031779877184082416 1.0067434804319368 1.000000082458052 1.0000008960687854 1.0000017404810309 0.97876032237948 0.9853632526659055 -0.0003030801640940828
59963.980936977896 7.75 2.75 0.9856678609227503 0.00031783296044149027 1.0067435298284688 1.0000000821785657 1.0000330225929392 0.9999992275003706 0.9787611648808974 0.9853933289436371 0.0002745319791132017
59963.981012457305 7.75 2.75 0.9850508802887392 0.0003177831829556381 1.0067435792250152 1.000000081900027 0.9999607595275681 1.0000014769727368 0.9787620131641429 0.9853252422517518 -0.00027436196301255933
59963.9810879367 7.75 2.75 0.9853331042302317 0.00031784020586346707 1.0067436286215519 1.0000000816224321 0.9999794508592741 1.0000006544559823 0.9787628672396619 0.9853437574459633 -1.0653215731570853e-05
59963.981163416094 7.75 2.75 0.9848864386954818 0.000317749768370278 1.0067436780180887 1.0000000813457781 1.0000076753444318 0.9999974228685189 0.9787637271185607 0.9853692982826656 -0.00048285958718385924
59963.98123889549 7.75 2.75 0.9852402299789789 0.0003178114640638015 1.0067437274146256 1.000000081070062 0.99998438502879 0.9999996866509768 0.978764592811873 0.9853494991049538 -0.00010926912597497562
59963.9813143749 7.75 2.75 0.9850875929428131 0.0003177363849583162 1.0067437768111718 1.0000000807952802 1.0000014762712968 0.99999946063265 0.9787654643308926 0.9853670429783704 -0.00027945003555729375
59963.981389854285 7.75 2.75 0.9852868193150608 0.00031781192875801205 1.0067438262077038 1.00000008052143 0.9999785133309866 0.9999994398412761 0.9787663416864152 0.9853453269300815 -5.8507615020686465e-05
59963.98146533368 7.75 2.75 0.9852786406335688 0.0003177902702302356 1.0067438756042406 1.0000000802485078 0.9999886446498091 1.0000005904249643 0.9787672248900862 0.9853573809552352 -7.874032166632627e-05
59963.981540813074 7.75 2.75 0.9851095665570773 0.00031776886727679846 1.0067439250007773 1.0000000799765107 0.9999991457471429 1.0000002207697627 0.9787681139532226 0.9853683072984923 -0.0002587407414150755
59963.98161629248 7.75 2.75 0.9852701027756436 0.000317849995082776 1.0067439743973237 1.0000000797054356 0.9999873285456338 0.9999980228505793 0.9787690088874924 0.9853554462953756 -8.534351973199517e-05
59963.98169177188 7.75 2.75 0.9853871826597428 0.00031779429562976745 1.0067440237938605 1.0000000794352792 1.0000509194485927 0.9999975363132078 0.9787699097041389 0.9854185823079771 -3.139964823428709e-05
59963.98176725127 7.75 2.75 0.9859104719841172 0.000317865116341389 1.0067440731903972 1.0000000791660384 1.00002258559749 0.9999992503470831 0.9787708164150165 0.985393312952767 0.0005171590313501895
59963.98184273066 7.75 2.75 0.9850797184648528 0.00031778775585567664 1.0067441225869291 1.0000000788977104 1.000000317006666 0.9999980832343827 0.9787717290318145 0.9853711869411772 -0.0002914684763244413
59963.98191821007 7.75 2.75 0.9852146458579706 0.0003177657410818108 1.0067441719834755 1.0000000786302916 1.0000187036563646 0.9999991525345466 0.9787726475667594 0.9853913311208216 -0.00017668526285097297
59963.981993689464 7.75 2.75 0.9853681112959646 0.00031783124532773797 1.0067442213800122 1.0000000783637795 1.0000215817043108 1.0000000888650538 0.9787735720313779 0.9853960685327429 -2.7957236778286543e-05
59963.98206916886 7.75 2.75 0.9852261011390763 0.00031774864401006416 1.006744270776549 1.0000000780981706 0.9999677725085868 1.000000693843743 0.978774502437912 0.9853446271553987 -0.00011852601632245108
59963.98214464826 7.75 2.75 0.9851464955488015 0.00031778704760938403 1.0067443201730906 1.000000077833462 1.0000002644881243 1.0000007829415996 0.9787754387986143 0.9853777225437412 -0.000231226994939715
59963.98222012766 7.75 2.75 0.9855974243609876 0.0003178024550765636 1.006744369569632 1.0000000775696505 0.9999901354777596 1.000002110151641 0.9787763811256552 0.9853700461971124 0.0002273781638751915
59963.98229560705 7.75 2.75 0.9853464842002824 0.0003177975975094713 1.006744418966164 1.0000000773067332 1.0000014209089503 0.9999994166937122 0.9787773294312095 0.985379515346876 -3.30311465935873e-05
59963.982371086444 7.75 2.75 0.9854514083527016 0.0003178624658470038 1.006744468362701 1.000000077044707 1.0000049234098072 1.000001501200203 0.9787782837280075 0.9853860295025539 6.53788501476793e-05
59963.98244656585 7.75 2.75 0.9855078331076734 0.0003178741701179803 1.0067445177592471 1.000000076783569 0.9999779775597907 0.9999999906878464 0.9787792440286999 0.9853590040198111 0.00014882908786229
59963.98252204525 7.75 2.75 0.9852118507593365 0.0003177844547030534 1.006744567155784 1.0000000765233161 0.9999766630328497 1.000000929390176 0.9787802103455726 0.9853596545712334 -0.00014780381189694047
59963.98259752464 7.75 2.75 0.985651003070482 0.0003178480235873019 1.0067446165523208 1.0000000762639454 0.999976417051418 1.000000320864002 0.9787811826915671 0.9853598395420198 0.0002911635284622571
59963.98267300403 7.75 2.75 0.9848677172062605 0.0003176933677422374 1.0067446659488528 1.0000000760054537 0.9999890596403954 1.0000012719100688 0.9787821610794468 0.9853742675399567 -0.0005065503336961763
59963.98274848344 7.75 2.75 0.9851780270762708 0.00031779184596252816 1.006744715345399 1.0000000757478382 0.999994978356401 1.000000900463918 0.9787831455225506 0.985380772912329 -0.00020274583605817131
59963.98282396283 7.75 2.75 0.9852183946541831 0.00031777549905546895 1.0067447647419359 1.0000000754910958 1.0000053778949611 0.9999986877811908 0.9787841360334671 0.9853898854049216 -0.00017149075073841225
59963.98289944223 7.75 2.75 0.9855194330446313 0.00031780186152621033 1.0067448141384725 1.0000000752352236 0.9999975307088467 0.9999989219616087 0.9787851326255511 0.9853834350728625 0.00013599797176877537
59963.98297492162 7.75 2.75 0.9852658732968181 0.00031782621264781917 1.0067448635350094 1.0000000749802187 1.000008385288514 0.9999987608040881 0.9787861353120716 0.9853950297728847 -0.0001291564760665942
59963.98305040103 7.75 2.75 0.9851909210508336 0.00031782604215088044 1.0067449129315555 1.0000000747260782 1.000008384468147 0.9999993502483896 0.9787871441065971 0.9853966735060016 -0.00020575245516796237
59963.98312588042 7.75 2.75 0.9851356837295034 0.00031775067589694946 1.0067449623280877 1.000000074472799 0.9999647474124126 0.9999990910640935 0.9787881590221192 0.9853544884901958 -0.00021880476069235932
59963.98320135981 7.75 2.75 0.9857751539606644 0.00031788213218662776 1.0067450117246244 1.0000000742203783 0.9999740167731228 1.0000002651763436 0.9787891800726118 0.9853658553568317 0.00040929860383265293
59963.98327683921 7.75 2.75 0.9851674574273805 0.0003177479366751605 1.0067450611211612 1.0000000739688133 1.0000111476390343 1.0000009409117743 0.9787902072716679 0.9854041919077798 -0.00023673448039929212
59963.98335231862 7.75 2.75 0.9857585674387018 0.0003178759948295359 1.0067451105177074 1.0000000737181007 1.0000311111903335 0.9999988107794338 0.9787912406332849 0.9854228532405621 0.0003357141981397138
59963.98342779801 7.75 2.75 0.985227968528002 0.00031776428538104307 1.0067451599142443 1.000000073468238 1.0000223351741417 0.9999998111976574 0.9787922801709701 0.985416285926732 -0.00018831739873004238
59963.9835032774 7.75 2.75 0.9858085822085648 0.0003178581053310831 1.0067452093107763 1.0000000732192222 0.9999903527391838 0.999999322439777 0.9787933258988345 0.9853853898774955 0.0004231923310693553
59963.98357875679 7.75 2.75 0.9848882640633753 0.0003177530740084741 1.0067452587073131 1.0000000729710505 1.0000121290394242 1.0000013053649495 0.9787943778312032 0.9854099092693123 -0.0005216452059370047
59963.9836542362 7.75 2.75 0.9852190147016431 0.00031777348334958755 1.0067453081038593 1.0000000727237197 0.999998484542049 0.9999987978468924 0.9787954359824127 0.9853951065044314 -0.00017609180278832515
59963.9837297156 7.75 2.75 0.9851929360757031 0.00031776937712356743 1.0067453575003962 1.0000000724772276 1.000037824978395 1.0000014700998514 0.9787965003663985 0.9854376254823171 -0.00024468940661392935
59963.98380519499 7.75 2.75 0.9851438490559817 0.0003177862387630709 1.0067454068969328 1.0000000722315707 1.0000333309855298 0.9999999392641825 0.978797570997819 0.9854328145639875 -0.00028896550800572296
59963.98388067439 7.75 2.75 0.9850547086786177 0.0003177433355681668 1.0067454562934697 1.0000000719867466 0.9999819012960393 0.9999998083991798 0.9787986478912406 0.9853831390423434 -0.0003284303637257624
59963.98395615379 7.75 2.75 0.9854197280298412 0.00031776797731965695 1.0067455056900112 1.0000000717427522 0.9999897465551566 1.0000010653839038 0.9787997310614478 0.9853932469650168 2.648106482439072e-05
59963.98403163318 7.75 2.75 0.9848411379875288 0.00031778844724317744 1.006745555086548 1.0000000714995847 1.0000242365101408 1.000000364834433 0.9788008205230245 0.9854276880909817 -0.0005865501034528764
59963.98410711258 7.75 2.75 0.9851990887690892 0.0003178273845099993 1.0067456044830847 1.0000000712572417 1.0000337604163065 1.0000018222948925 0.9788019162909822 0.9854396605305916 -0.0002405717615023839
59963.98418259199 7.75 2.75 0.9856408544670658 0.00031782992654873823 1.006745653879631 1.0000000710157197 1.0000169805994774 1.0000008730369414 0.9788030183805566 0.9854233478288625 0.00021750663820330196
59963.98425807138 7.75 2.75 0.9854182084618008 0.0003177927660659835 1.0067457032761677 1.0000000707750165 0.9999843116807751 0.9999992052572017 0.9788041268064605 0.9853906762424974 2.7532219303405547e-05
59963.98433355077 7.75 2.75 0.9858604383161536 0.0003178882135380728 1.0067457526726997 1.0000000705351293 0.9999921924047434 0.9999989872817173 0.978805241584053 0.9853993975638841 0.0004610407522694926
59963.98440903016 7.75 2.75 0.9854826714164651 0.000317851241663912 1.0067458020692366 1.0000000702960552 1.0000160138748133 0.9999996939244918 0.9788063627289211 0.9854247445925327 5.792682393235271e-05
59963.98448450957 7.75 2.75 0.9853404743453856 0.00031773940960479533 1.0067458514657828 1.0000000700577911 1.000009741173875 0.9999994321480553 0.9788074902566659 0.9854194887170411 -7.901437165547254e-05
59963.98455998897 7.75 2.75 0.9849858404621412 0.00031779849281240676 1.0067459008623196 1.0000000698203348 1.0000335933125568 0.9999981664600277 0.9788086241824623 0.9854429353150046 -0.00045709485286338225
